Fator de Cholesky:
16.5227 0.0000 0.0000 0.0000 0.0000 0.0000 0.0000 0.0000 0.0000 0.0000 
18.3384 13.9536 0.0000 0.0000 0.0000 0.0000 0.0000 0.0000 0.0000 0.0000 
13.1334 8.0376 11.4852 0.0000 0.0000 0.0000 0.0000 0.0000 0.0000 0.0000 
20.8803 5.0229 5.6070 5.7744 0.0000 0.0000 0.0000 0.0000 0.0000 0.0000 
15.6754 11.6485 1.8722 -1.7862 6.1562 0.0000 0.0000 0.0000 0.0000 0.0000 
12.9519 5.3379 5.9201 -0.2503 -0.1194 10.2289 0.0000 0.0000 0.0000 0.0000 
10.4704 5.5175 -1.1197 -1.3962 1.9823 2.0972 2.0967 0.0000 0.0000 0.0000 
14.5255 4.6315 0.3487 4.9329 4.6321 3.0178 -2.8025 7.8541 0.0000 0.0000 
13.2545 5.9436 1.2321 2.3343 -1.9719 5.4412 1.6992 4.1349 3.6805 0.0000 
13.3150 5.7923 -0.3856 -3.8021 2.2320 0.5107 4.9560 2.7584 1.4225 3.7575 
Gy = b
.24209101306752098
.2551625686209497
-.020059509731776108
-.7315318694382937
-1.142945237052541
.32277621096113673
2.671988941851372
1.4929277269899393
-2.9116704394215978
-4.078035213295261
G'y = b
-1.862525465109095
-1.2183288963070331
-.7006529288896202
1.4060276947950052
1.202357253522118
.2307267505877813
-.21182214852504191
-.9919125639873344
1.5933485882571976
.7984133541975927
Ax = b
-.06880024489133332
-.18944501739565134
1.7489580978838486
-.8121753093618699
-2.1711726927481694
-1.0020000650998833
5.166044863588789
.7669090220750856
-.3716487079012912
-1.0853192577276416
