1         0.108506E+02
2         0.997235E+01
3         0.112857E+02
4         0.170749E+02
5         0.719176E+02
6         0.277247E+02
7         0.142410E+02
8         0.129491E+02
9         0.161913E+02
10         0.369014E+02
11         0.555669E+02
12         0.174596E+02
13         0.134568E+02
14         0.144280E+02
15         0.253223E+02
16         0.285972E+04
17         0.253283E+02
18         0.148943E+02
19         0.130765E+02
20         0.169086E+02
21         0.371128E+02
22         0.761586E+02
23         0.207947E+02
24         0.158174E+02
25         0.162987E+02
26         0.256475E+02
27         0.205902E+03
28         0.336724E+02
29         0.182469E+02
30         0.151455E+02
31         0.155873E+02
32         0.232762E+02
33         0.109905E+03
34         0.352463E+02
35         0.167892E+02
36         0.127049E+02
37         0.124329E+02
38         0.155653E+02
39         0.321783E+02
40         0.824013E+02
41         0.195600E+02
42         0.130967E+02
43         0.121712E+02
44         0.146217E+02
45         0.254462E+02
46         0.444129E+03
47         0.225395E+02
48         0.144418E+02
49         0.138292E+02
50         0.192905E+02
51         0.574332E+02
52         0.520657E+02
53         0.198774E+02
54         0.152244E+02
55         0.147165E+02
56         0.191564E+02
57         0.375657E+02
58         0.198924E+03
59         0.274795E+02
60         0.181003E+02
61         0.182919E+02
62         0.250343E+02
63         0.588807E+02
64         0.855522E+02
65         0.273443E+02
66         0.206403E+02
67         0.220618E+02
68         0.327763E+02
69         0.134808E+03
70         0.585746E+02
71         0.276454E+02
72         0.221964E+02
73         0.255088E+02
74         0.416986E+02
75         0.456291E+03
76         0.479726E+02
77         0.258378E+02
78         0.205956E+02
79         0.198751E+02
80         0.256411E+02
81         0.506067E+02
82         0.259462E+03
83         0.377207E+02
84         0.225365E+02
85         0.196569E+02
86         0.189909E+02
87         0.242154E+02
88         0.603680E+02
89         0.763431E+02
90         0.252524E+02
91         0.166827E+02
92         0.147572E+02
93         0.168421E+02
94         0.267518E+02
95         0.139494E+03
96         0.393372E+02
97         0.193055E+02
98         0.155932E+02
99         0.161716E+02
100         0.180621E+02
101         0.265531E+02
102         0.124231E+03
103         0.437077E+02
104         0.216372E+02
105         0.166773E+02
106         0.159109E+02
107         0.193092E+02
108         0.380581E+02
109         0.173791E+03
110         0.276480E+02
111         0.170338E+02
112         0.153885E+02
113         0.177482E+02
114         0.235376E+02
115         0.468764E+02
116         0.223386E+03
117         0.339005E+02
118         0.198777E+02
119         0.159266E+02
120         0.153275E+02
121         0.176700E+02
122         0.354776E+02
123         0.185311E+03
124         0.270870E+02
125         0.192556E+02
126         0.221042E+02
127         0.490233E+02
128         0.726239E+02
129         0.238986E+02
130         0.171233E+02
131         0.170770E+02
132         0.218453E+02
133         0.415545E+02
134         0.429377E+03
135         0.337655E+02
136         0.196783E+02
137         0.169687E+02
138         0.176840E+02
139         0.220591E+02
140         0.407041E+02
141         0.140582E+04
142         0.422365E+02
143         0.223910E+02
144         0.162539E+02
145         0.145568E+02
146         0.160721E+02
147         0.205541E+02
148         0.373457E+02
149         0.493442E+03
150         0.307914E+02
151         0.182026E+02
152         0.155285E+02
153         0.152143E+02
154         0.192392E+02
155         0.317253E+02
156         0.948771E+02
157         0.844631E+02
158         0.291848E+02
159         0.193608E+02
160         0.176056E+02
161         0.192240E+02
162         0.270505E+02
163         0.647984E+02
164         0.101924E+03
165         0.328100E+02
166         0.231718E+02
167         0.219629E+02
168         0.308529E+02
169         0.138353E+03
170         0.502541E+02
171         0.260004E+02
172         0.228357E+02
173         0.263774E+02
174         0.469340E+02
175         0.135376E+04
176         0.548256E+02
177         0.295098E+02
178         0.232957E+02
179         0.208090E+02
180         0.207629E+02
181         0.227834E+02
182         0.363259E+02
183         0.205472E+03
184         0.531248E+02
185         0.281751E+02
186         0.289262E+02
187         0.430088E+02
188         0.194029E+03
189         0.712641E+02
190         0.320993E+02
191         0.233390E+02
192         0.197482E+02
193         0.196583E+02
194         0.237536E+02
195         0.332510E+02
196         0.561512E+02
197         0.278941E+03
198         0.958123E+02
199         0.429378E+02
200         0.286701E+02
201         0.263060E+02
202         0.367729E+02
203         0.252027E+03
204         0.454532E+02
205         0.234643E+02
206         0.181876E+02
207         0.161504E+02
208         0.180157E+02
209         0.255751E+02
210         0.556874E+02
211         0.159264E+03
212         0.343756E+02
213         0.212357E+02
214         0.188433E+02
215         0.241720E+02
216         0.782023E+02
217         0.408022E+02
218         0.179156E+02
219         0.134750E+02
220         0.145858E+02
221         0.217669E+02
222         0.220649E+03
223         0.272324E+02
224         0.151549E+02
225         0.136091E+02
226         0.153476E+02
227         0.249160E+02
228         0.103245E+03
229         0.446673E+02
230         0.195406E+02
231         0.130356E+02
232         0.105988E+02
233         0.104869E+02
234         0.109451E+02
235         0.133400E+02
236         0.227463E+02
237         0.211517E+03
238         0.286347E+02
239         0.154918E+02
240         0.135194E+02
241         0.149408E+02
242         0.205201E+02
243         0.498702E+02
244         0.860687E+02
245         0.235542E+02
246         0.150680E+02
247         0.118530E+02
248         0.103341E+02
249         0.101813E+02
250         0.108197E+02
251         0.121798E+02
252         0.156848E+02
253         0.279076E+02
254         0.126057E+04
255         0.319711E+02
256         0.196269E+02
257         0.191552E+02
258         0.262182E+02
259         0.637253E+02
260         0.108166E+03
261         0.300663E+02
262         0.187647E+02
263         0.144293E+02
264         0.117208E+02
265         0.973729E+01
266         0.833384E+01
267         0.846709E+01
268         0.873780E+01
269         0.937995E+01
270         0.108428E+02
271         0.142693E+02
272         0.208766E+02
273         0.441499E+02
274         0.198633E+03
275         0.326625E+02
276         0.224013E+02
277         0.250600E+02
278         0.418006E+02
279         0.189440E+04
280         0.425248E+02
281         0.225359E+02
282         0.192375E+02
283         0.272812E+02
284         0.188639E+03
285         0.364228E+02
286         0.201716E+02
287         0.166621E+02
288         0.166507E+02
289         0.183428E+02
290         0.235840E+02
291         0.469956E+02
292         0.175656E+03
293         0.321673E+02
294         0.219432E+02
295         0.212140E+02
296         0.237982E+02
297         0.346463E+02
298         0.761174E+02
299         0.288117E+03
300         0.594286E+02
301         0.400009E+02
302         0.430894E+02
303         0.947559E+02
304         0.119680E+03
305         0.366014E+02
306         0.242877E+02
307         0.248993E+02
308         0.421890E+02
309         0.407265E+03
310         0.365632E+02
311         0.211701E+02
312         0.151235E+02
313         0.120503E+02
314         0.948223E+01
315         0.788834E+01
316         0.675911E+01
317         0.603361E+01
318         0.819325E+01
319         0.891483E+03
320         0.803489E+01
321         0.442186E+01
322         0.306971E+01
323         0.242112E+01
324         0.227569E+01
325         0.250826E+01
326         0.288252E+01
327         0.337436E+01
328         0.457743E+01
329         0.798811E+01
330         0.801379E+02
331         0.660950E+01
332         0.399843E+01
333         0.354445E+01
334         0.393470E+01
335         0.573538E+01
336         0.393224E+02
337         0.805718E+01
338         0.406434E+01
339         0.281131E+01
340         0.225694E+01
341         0.198285E+01
342         0.171798E+01
343         0.151811E+01
344         0.160974E+01
345         0.206386E+01
346         0.330435E+01
347         0.112960E+02
348         0.749958E+01
349         0.333731E+01
350         0.258448E+01
351         0.252323E+01
352         0.283691E+01
353         0.322492E+01
354         0.393377E+01
355         0.531462E+01
356         0.932895E+01
357         0.269235E+03
358         0.869843E+01
359         0.512627E+01
360         0.419200E+01
361         0.446562E+01
362         0.596894E+01
363         0.114967E+02
364         0.216459E+03
365         0.105077E+02
366         0.700204E+01
367         0.798906E+01
368         0.125847E+02
369         0.493607E+02
370         0.230413E+02
371         0.922634E+01
372         0.581154E+01
373         0.471056E+01
374         0.492029E+01
375         0.871092E+01
376         0.646234E+02
377         0.673740E+01
378         0.375278E+01
379         0.264255E+01
380         0.210425E+01
381         0.183029E+01
382         0.208126E+01
383         0.384805E+01
384         0.158117E+02
385         0.269416E+01
386         0.163489E+01
387         0.144543E+01
388         0.214815E+01
389         0.161326E+03
390         0.223369E+01
391         0.124468E+01
392         0.881383E+00
393         0.716057E+00
394         0.746627E+00
395         0.106678E+01
396         0.843475E+01
397         0.120633E+01
398         0.606585E+00
399         0.445235E+00
400         0.406393E+00
401         0.568679E+00
402         0.414100E+01
403         0.672230E+00
404         0.345972E+00
405         0.269051E+00
406         0.287532E+00
407         0.540295E+00
408         0.152258E+01
409         0.314915E+00
410         0.177631E+00
411         0.127451E+00
412         0.106274E+00
413         0.108162E+00
414         0.143256E+00
415         0.456565E+00
416         0.260688E+00
417         0.105172E+00
418         0.671338E-01
419         0.485662E-01
420         0.371096E-01
421         0.316563E-01
422         0.337294E-01
423         0.511055E-01
424         0.342402E+00
425         0.588782E-01
426         0.255438E-01
427         0.156414E-01
428         0.110035E-01
429         0.865043E-02
430         0.773350E-02
431         0.974875E-02
432         0.263198E-01
433         0.226525E-01
434         0.894626E-02
435         0.636849E-02
436         0.618618E-02
437         0.767107E-02
438         0.184551E-01
439         0.244614E-01
440         0.767509E-02
441         0.484547E-02
442         0.381707E-02
443         0.410525E-02
444         0.702679E-02
445         0.500103E-01
446         0.524617E-02
447         0.303353E-02
448         0.200852E-02
449         0.148349E-02
450         0.123345E-02
451         0.108746E-02
452         0.118041E-02
453         0.178754E-02
454         0.115983E-01
455         0.253694E-02
456         0.124595E-02
457         0.110889E-02
458         0.150305E-02
459         0.825179E-02
460         0.203304E-02
461         0.990455E-03
462         0.701647E-03
463         0.579983E-03
464         0.497870E-03
465         0.481153E-03
466         0.619487E-03
467         0.124182E-02
468         0.378851E-02
469         0.854786E-03
470         0.495607E-03
471         0.372730E-03
472         0.339356E-03
473         0.480676E-03
474         0.469194E-02
475         0.597238E-03
476         0.288847E-03
477         0.179911E-03
478         0.123409E-03
479         0.989102E-04
480         0.961295E-04
481         0.126829E-03
482         0.392256E-03
483         0.243801E-03
484         0.105240E-03
485         0.809699E-04
486         0.751691E-04
487         0.830017E-04
488         0.136834E-03
489         0.303791E-02
490         0.141329E-03
491         0.743991E-04
492         0.642855E-04
493         0.701040E-04
494         0.141215E-03
495         0.400138E-03
496         0.853287E-04
497         0.510590E-04
498         0.382593E-04
499         0.273781E-04
500         0.207071E-04
501         0.174097E-04
502         0.192213E-04
503         0.318503E-04
504         0.332400E-03
505         0.378748E-04
506         0.187008E-04
507         0.146427E-04
508         0.189724E-04
509         0.680067E-04
510         0.324518E-04
511         0.120590E-04
512         0.713935E-05
513         0.527187E-05
514         0.543083E-05
515         0.122702E-04
516         0.154999E-04
517         0.478823E-05
518         0.287724E-05
519         0.223579E-05
520         0.235964E-05
521         0.404605E-05
522         0.555806E-04
523         0.332560E-05
524         0.188673E-05
525         0.156165E-05
526         0.169264E-05
527         0.309958E-05
528         0.123437E-03
529         0.289230E-05
530         0.143231E-05
531         0.918978E-06
532         0.640957E-06
533         0.491788E-06
534         0.462499E-06
535         0.649776E-06
536         0.214999E-05
537         0.146908E-05
538         0.529352E-06
539         0.327561E-06
540         0.210739E-06
541         0.156189E-06
542         0.130912E-06
543         0.143860E-06
544         0.288040E-06
545         0.748598E-06
546         0.178199E-06
547         0.136395E-06
548         0.157007E-06
549         0.303420E-06
550         0.106656E-05
551         0.185978E-06
552         0.969862E-07
553         0.605108E-07
554         0.475674E-07
555         0.462898E-07
556         0.669909E-07
557         0.281154E-06
558         0.114976E-06
559         0.521805E-07
560         0.425473E-07
561         0.569451E-07
562         0.164483E-06
563         0.175294E-06
564         0.544396E-07
565         0.309941E-07
566         0.231803E-07
567         0.273608E-07
568         0.870515E-07
569         0.487341E-07
570         0.209389E-07
571         0.141080E-07
572         0.148897E-07
573         0.321428E-07
574         0.525257E-07
575         0.158662E-07
576         0.923349E-08
577         0.750977E-08
578         0.849883E-08
579         0.113012E-07
580         0.206926E-07
581         0.570857E-06
582         0.212050E-07
583         0.136577E-07
584         0.164883E-07
585         0.439349E-07
586         0.422361E-07
587         0.124243E-07
588         0.677355E-08
589         0.472475E-08
590         0.450290E-08
591         0.907865E-08
592         0.227542E-07
593         0.485998E-08
594         0.282575E-08
595         0.244680E-08
596         0.307002E-08
597         0.523730E-08
598         0.106062E-07
599         0.166089E-06
600         0.111083E-07
601         0.566774E-08
602         0.558274E-08
603         0.870722E-08
604         0.391550E-07
605         0.141827E-07
606         0.558502E-08
607         0.375818E-08
608         0.308646E-08
609         0.332217E-08
610         0.533222E-08
611         0.104712E-06
612         0.600121E-08
613         0.391984E-08
614         0.430256E-08
615         0.633491E-08
616         0.157980E-07
617         0.212201E-07
618         0.667825E-08
619         0.521515E-08
620         0.690513E-08
621         0.171933E-07
622         0.182832E-07
623         0.622449E-08
624         0.404521E-08
625         0.344813E-08
626         0.337294E-08
627         0.382984E-08
628         0.444360E-08
629         0.489966E-08
630         0.561604E-08
631         0.957520E-08
632         0.562916E-07
633         0.669410E-08
634         0.324370E-08
635         0.204225E-08
636         0.168385E-08
637         0.220809E-08
638         0.608464E-08
639         0.499957E-08
640         0.179232E-08
641         0.143408E-08
642         0.168931E-08
643         0.216002E-08
644         0.365909E-08
645         0.114978E-07
646         0.100211E-07
647         0.407593E-08
648         0.360132E-08
649         0.542823E-08
650         0.204880E-07
651         0.113139E-07
652         0.523196E-08
653         0.426109E-08
654         0.444762E-08
655         0.555101E-08
656         0.921435E-08
657         0.999677E-07
658         0.119743E-07
659         0.651134E-08
660         0.531392E-08
661         0.522744E-08
662         0.108941E-07
663         0.162144E-07
664         0.493308E-08
665         0.293336E-08
666         0.185887E-08
667         0.135861E-08
668         0.114570E-08
669         0.128316E-08
670         0.215452E-08
671         0.143831E-07
672         0.168468E-08
673         0.109375E-08
674         0.115741E-08
675         0.201326E-08
676         0.449414E-07
677         0.209950E-08
678         0.121881E-08
679         0.114315E-08
680         0.133790E-08
681         0.145679E-08
682         0.143899E-08
683         0.194118E-08
684         0.788595E-08
685         0.325888E-08
686         0.148586E-08
687         0.922700E-09
688         0.636464E-09
689         0.541207E-09
690         0.632255E-09
691         0.106077E-08
692         0.148103E-07
693         0.124100E-08
694         0.636252E-09
695         0.585118E-09
696         0.778066E-09
697         0.147135E-08
698         0.121560E-07
699         0.203656E-08
700         0.109834E-08
701         0.100308E-08
702         0.109471E-08
703         0.109417E-08
704         0.108969E-08
705         0.125820E-08
706         0.383996E-08
707         0.267728E-08
708         0.109410E-08
709         0.803722E-09
710         0.914765E-09
711         0.162987E-08
712         0.107275E-07
713         0.233602E-08
714         0.110237E-08
715         0.914505E-09
716         0.106771E-08
717         0.160251E-08
718         0.318375E-08
719         0.106466E-06
720         0.349222E-08
721         0.202928E-08
722         0.167203E-08
723         0.156736E-08
724         0.179648E-08
725         0.461393E-08
726         0.331494E-08
727         0.116974E-08
728         0.745834E-09
729         0.700144E-09
730         0.133322E-08
731         0.386453E-08
732         0.748086E-09
733         0.463906E-09
734         0.336564E-09
735         0.253323E-09
736         0.207880E-09
737         0.210659E-09
738         0.276901E-09
739         0.828082E-09
740         0.707001E-09
741         0.281530E-09
742         0.219506E-09
743         0.204199E-09
744         0.174704E-09
745         0.151726E-09
746         0.152405E-09
747         0.203537E-09
748         0.506007E-09
749         0.121791E-08
750         0.277237E-09
751         0.196660E-09
752         0.255174E-09
753         0.551133E-09
754         0.247271E-08
755         0.421630E-09
756         0.287808E-09
757         0.265123E-09
758         0.232775E-09
759         0.202764E-09
760         0.221402E-09
761         0.289898E-09
762         0.470274E-09
763         0.108692E-08
764         0.118914E-07
765         0.863557E-09
766         0.556132E-09
767         0.596169E-09
768         0.887659E-09
769         0.143388E-08
770         0.344057E-08
771         0.613451E-08
772         0.185186E-08
773         0.134138E-08
774         0.106421E-08
775         0.968129E-09
776         0.135480E-08
777         0.193992E-07
778         0.147227E-08
779         0.691669E-09
780         0.459297E-09
781         0.415405E-09
782         0.617818E-09
783         0.235711E-08
784         0.117652E-08
785         0.488789E-09
786         0.425051E-09
787         0.667058E-09
788         0.742648E-08
789         0.653293E-09
790         0.344184E-09
791         0.270424E-09
792         0.235398E-09
793         0.192015E-09
794         0.153396E-09
795         0.128981E-09
796         0.140455E-09
797         0.354106E-09
798         0.310795E-09
799         0.106114E-09
800         0.709734E-10
801         0.622961E-10
802         0.690854E-10
803         0.864859E-10
804         0.108514E-09
805         0.120837E-09
806         0.232278E-09
807         0.527526E-09
808         0.132389E-09
809         0.782106E-10
810         0.662522E-10
811         0.769252E-10
812         0.117382E-09
813         0.185708E-09
814         0.395055E-09
815         0.119025E-08
816         0.251946E-09
817         0.145668E-09
818         0.100978E-09
819         0.776052E-10
820         0.987074E-10
821         0.590752E-09
822         0.126316E-09
823         0.605447E-10
824         0.461380E-10
825         0.513961E-10
826         0.103433E-09
827         0.540710E-09
828         0.813980E-10
829         0.561699E-10
830         0.572690E-10
831         0.666236E-10
832         0.744772E-10
833         0.826687E-10
834         0.140137E-09
835         0.884097E-08
836         0.125082E-09
837         0.696226E-10
838         0.657495E-10
839         0.102196E-09
840         0.750807E-09
841         0.161393E-09
842         0.109702E-09
843         0.133688E-09
844         0.186841E-09
845         0.288418E-09
846         0.712433E-09
847         0.752202E-09
848         0.259096E-09
849         0.197939E-09
850         0.284784E-09
851         0.662742E-07
852         0.254955E-09
853         0.135356E-09
854         0.114031E-09
855         0.137784E-09
856         0.244094E-09
857         0.102601E-08
858         0.585625E-09
859         0.252248E-09
860         0.230581E-09
861         0.241174E-09
862         0.275969E-09
863         0.474521E-09
864         0.827109E-08
865         0.378345E-09
866         0.192799E-09
867         0.135444E-09
868         0.138660E-09
869         0.374669E-09
870         0.326523E-09
871         0.114702E-09
872         0.590327E-10
873         0.346650E-10
874         0.277622E-10
875         0.272083E-10
876         0.254500E-10
877         0.180399E-10
878         0.123773E-10
879         0.987787E-11
880         0.105864E-10
881         0.207556E-10
882         0.256456E-09
883         0.302579E-10
884         0.152910E-10
885         0.119893E-10
886         0.109904E-10
887         0.944429E-11
888         0.689137E-11
889         0.595598E-11
890         0.964980E-11
891         0.202896E-09
892         0.801511E-11
893         0.444637E-11
894         0.378061E-11
895         0.393079E-11
896         0.467906E-11
897         0.754143E-11
898         0.112515E-09
899         0.701793E-11
900         0.362338E-11
901         0.255434E-11
902         0.303289E-11
903         0.781308E-11
904         0.880715E-11
905         0.249324E-11
906         0.144655E-11
907         0.123140E-11
908         0.183720E-11
909         0.112915E-10
910         0.247068E-11
911         0.134559E-11
912         0.109006E-11
913         0.927570E-12
914         0.836842E-12
915         0.140634E-11
916         0.368878E-11
917         0.800337E-12
918         0.395702E-12
919         0.278201E-12
920         0.392841E-12
921         0.236121E-11
922         0.591420E-12
923         0.274552E-12
924         0.202902E-12
925         0.188675E-12
926         0.173812E-12
927         0.179507E-12
928         0.262578E-12
929         0.978099E-12
930         0.437646E-12
931         0.190099E-12
932         0.144929E-12
933         0.168607E-12
934         0.337613E-12
935         0.818674E-11
936         0.364358E-12
937         0.209630E-12
938         0.166899E-12
939         0.118231E-12
940         0.785797E-13
941         0.485098E-13
942         0.434908E-13
943         0.647562E-13
944         0.858732E-12
945         0.827636E-13
946         0.493488E-13
947         0.427225E-13
948         0.488292E-13
949         0.114150E-12
950         0.166307E-12
951         0.473216E-13
952         0.211028E-13
953         0.117916E-13
954         0.934104E-14
955         0.127462E-13
956         0.533359E-13
957         0.212998E-13
958         0.110239E-13
959         0.116249E-13
960         0.202866E-13
961         0.185070E-12
962         0.186010E-13
963         0.120508E-13
964         0.103734E-13
965         0.110269E-13
966         0.202657E-13
967         0.129933E-12
968         0.139903E-13
969         0.587247E-14
970         0.321904E-14
971         0.271745E-14
972         0.375022E-14
973         0.117875E-13
974         0.898783E-14
975         0.393449E-14
976         0.262121E-14
977         0.176610E-14
978         0.119626E-14
979         0.119577E-14
980         0.290255E-14
981         0.266180E-14
982         0.838307E-15
983         0.454805E-15
984         0.339944E-15
985         0.321513E-15
986         0.300166E-15
987         0.256261E-15
988         0.263648E-15
989         0.569843E-15
990         0.713849E-15
991         0.237476E-15
992         0.218153E-15
993         0.284241E-15
994         0.399706E-15
995         0.126941E-14
996         0.913043E-15
997         0.347828E-15
998         0.194356E-15
999         0.146476E-15
1000         0.185937E-15
1001         0.432663E-15
1002         0.101692E-14
1003         0.226146E-15
1004         0.160022E-15
1005         0.184631E-15
1006         0.253071E-15
1007         0.570044E-15
1008         0.645207E-15
1009         0.193897E-15
1010         0.103934E-15
1011         0.769755E-16
1012         0.847168E-16
1013         0.982232E-16
1014         0.127208E-15
1015         0.175437E-15
1016         0.513696E-15
1017         0.392641E-15
1018         0.157690E-15
1019         0.119899E-15
1020         0.201512E-15
1021         0.127171E-13
1022         0.160519E-15
1023         0.780598E-16
1024         0.611225E-16
