1        1.162604E-002
2        1.150842E-005
3        9.157545E-009
4        9.515775E-012
5        7.274306E-015
6        7.351045E-018
7        6.432997E-021
8        6.349330E-024
9        5.265577E-027
10        4.884988E-030
11        3.958265E-033
12        4.014727E-036
13        3.546649E-039
14        3.443346E-042
15        2.765984E-045
16        2.449435E-048
17        2.001612E-051
18        1.822663E-054
19        1.456163E-057
20        1.300619E-060
21        9.747686E-064
22        8.700179E-067
23        6.907167E-070
24        5.718247E-073
25        4.283051E-076
26        3.696859E-079
27        3.094200E-082
28        2.690350E-085
29        2.050294E-088
30        1.661909E-091
31        1.241182E-094
32        9.760969E-098
33        8.414078E-101
34        7.351134E-104
35        5.601807E-107
36        4.475785E-110
37        3.660724E-113
38        3.145175E-116
39        2.527475E-119
40        2.017746E-122
41        1.639978E-125
42        1.323547E-128
43        1.026841E-131
44        8.325383E-135
45        7.003775E-138
46        5.638082E-141
47        4.196487E-144
48        3.152822E-147
49        2.187455E-150
50        1.689709E-153
