1         0.381731E+01
2         0.816922E+00
3         0.180249E+00
4         0.417585E-01
5         0.938403E-02
6         0.211978E-02
7         0.475837E-03
8         0.104454E-03
9         0.232094E-04
10         0.519147E-05
11         0.118771E-05
12         0.264416E-06
13         0.595491E-07
14         0.131028E-07
15         0.287482E-08
16         0.636473E-09
17         0.140238E-09
18         0.306907E-10
19         0.658446E-11
20         0.140630E-11
21         0.311171E-12
22         0.663874E-13
23         0.153585E-13
24         0.352885E-14
25         0.767178E-15
26         0.154861E-15
27         0.327260E-16
28         0.735791E-17
29         0.164105E-17
30         0.363801E-18
31         0.780572E-19
32         0.167954E-19
33         0.359863E-20
34         0.787579E-21
35         0.169427E-21
36         0.384254E-22
37         0.851008E-23
38         0.175483E-23
39         0.389908E-24
40         0.854802E-25
41         0.190298E-25
42         0.413025E-26
43         0.911071E-27
44         0.196152E-27
45         0.404722E-28
46         0.873269E-29
47         0.188926E-29
48         0.408652E-30
49         0.838151E-31
50         0.182678E-31
51         0.374897E-32
52         0.797093E-33
53         0.167550E-33
54         0.357858E-34
55         0.788094E-35
56         0.167652E-35
57         0.357161E-36
58         0.733379E-37
59         0.153099E-37
60         0.319502E-38
61         0.679813E-39
62         0.145840E-39
63         0.311242E-40
64         0.689005E-41
65         0.143068E-41
66         0.299942E-42
67         0.642892E-43
68         0.135799E-43
69         0.277229E-44
70         0.577119E-45
71         0.123878E-45
72         0.259327E-46
73         0.564257E-47
74         0.116471E-47
75         0.262604E-48
76         0.557584E-49
77         0.114570E-49
78         0.233438E-50
79         0.480764E-51
80         0.105554E-51
81         0.221184E-52
82         0.489846E-53
83         0.998017E-54
84         0.214584E-54
85         0.460206E-55
86         0.980235E-56
87         0.205406E-56
88         0.423647E-57
89         0.895057E-58
90         0.187612E-58
91         0.378586E-59
92         0.763909E-60
93         0.159034E-60
94         0.329716E-61
95         0.688419E-62
96         0.143279E-62
97         0.289060E-63
98         0.582182E-64
99         0.117784E-64
100         0.242253E-65
101         0.480954E-66
102         0.101232E-66
103         0.204133E-67
104         0.419244E-68
105         0.868022E-69
106         0.181128E-69
107         0.374600E-70
108         0.732943E-71
109         0.155216E-71
110         0.313919E-72
111         0.611757E-73
112         0.127894E-73
113         0.270982E-74
114         0.549712E-75
115         0.110457E-75
116         0.223022E-76
117         0.460675E-77
118         0.913163E-78
119         0.184529E-78
120         0.375873E-79
121         0.760717E-80
122         0.161752E-80
123         0.337274E-81
124         0.769761E-82
125         0.182881E-82
126         0.419180E-83
127         0.101518E-83
128         0.232590E-84
129         0.505179E-85
130         0.103254E-85
131         0.209397E-86
132         0.420752E-87
133         0.856359E-88
134         0.176032E-88
135         0.365357E-89
136         0.759626E-90
137         0.161934E-90
138         0.320896E-91
139         0.625843E-92
140         0.123676E-92
141         0.239608E-93
142         0.493419E-94
143         0.101925E-94
144         0.205508E-95
145         0.418870E-96
146         0.881373E-97
147         0.167220E-97
148         0.353997E-98
149         0.710684E-99
150         0.142761E-99
151         0.279547E-100
152         0.585096E-101
153         0.118042E-101
154         0.239158E-102
155         0.472741E-103
156         0.100074E-103
157         0.195788E-104
158         0.401387E-105
159         0.826055E-106
160         0.175505E-106
161         0.373221E-107
162         0.858190E-108
163         0.185011E-108
164         0.416996E-109
165         0.856352E-110
166         0.171010E-110
167         0.343606E-111
168         0.689291E-112
169         0.145031E-112
170         0.296054E-113
171         0.634007E-114
172         0.142526E-114
173         0.336127E-115
174         0.795047E-116
175         0.172269E-116
176         0.366297E-117
177         0.775128E-118
178         0.149432E-118
179         0.294966E-119
180         0.582830E-120
181         0.108838E-120
182         0.217139E-121
183         0.430118E-122
184         0.864122E-123
185         0.175043E-123
186         0.337172E-124
187         0.670614E-125
188         0.130324E-125
189         0.268750E-126
190         0.544028E-127
191         0.115384E-127
192         0.258976E-128
193         0.546688E-129
194         0.119740E-129
195         0.269439E-130
196         0.615174E-131
197         0.130632E-131
198         0.267131E-132
199         0.565743E-133
200         0.114648E-133
201         0.225134E-134
202         0.429843E-135
203         0.850968E-136
204         0.161011E-136
205         0.314331E-137
206         0.617555E-138
207         0.122368E-138
208         0.246320E-139
209         0.478024E-140
210         0.922875E-141
211         0.180426E-141
212         0.368597E-142
213         0.761552E-143
214         0.159802E-143
215         0.347358E-144
216         0.801557E-145
217         0.178793E-145
218         0.416520E-146
219         0.935896E-147
220         0.206060E-147
221         0.457563E-148
222         0.939365E-149
223         0.217470E-149
224         0.499318E-150
