1         0.349629E+00
2         0.699388E-02
3         0.134944E-03
4         0.269944E-05
5         0.561787E-07
6         0.118178E-08
7         0.232112E-10
8         0.459207E-12
9         0.932717E-14
10         0.187813E-15
11         0.366122E-17
12         0.717798E-19
13         0.136781E-20
14         0.267721E-22
15         0.539763E-24
16         0.108031E-25
17         0.214488E-27
18         0.437210E-29
19         0.879603E-31
20         0.173386E-32
21         0.345026E-34
22         0.671543E-36
23         0.133392E-37
24         0.266672E-39
25         0.518537E-41
26         0.105204E-42
27         0.202518E-44
28         0.401398E-46
29         0.755709E-48
30         0.149494E-49
31         0.304462E-51
32         0.595898E-53
33         0.115250E-54
34         0.227336E-56
35         0.442688E-58
36         0.874431E-60
37         0.177083E-61
38         0.348418E-63
39         0.685783E-65
40         0.126150E-66
41         0.241150E-68
42         0.461390E-70
43         0.855125E-72
44         0.165553E-73
45         0.326018E-75
46         0.631492E-77
47         0.124852E-78
48         0.236372E-80
49         0.427177E-82
50         0.806195E-84
51         0.154145E-85
52         0.295028E-87
53         0.550851E-89
54         0.105877E-90
55         0.208983E-92
56         0.395947E-94
57         0.756809E-96
58         0.141444E-97
59         0.272492E-99
60         0.542892E-101
61         0.104774E-102
62         0.198143E-104
63         0.382964E-106
64         0.742019E-108
65         0.143411E-109
66         0.288174E-111
67         0.568982E-113
68         0.106225E-114
69         0.200209E-116
70         0.374829E-118
71         0.692927E-120
72         0.128618E-121
73         0.248759E-123
74         0.460593E-125
75         0.881523E-127
76         0.164320E-128
77         0.304494E-130
78         0.543622E-132
79         0.104112E-133
80         0.206237E-135
81         0.388185E-137
82         0.744612E-139
83         0.142725E-140
84         0.268836E-142
85         0.516740E-144
86         0.961845E-146
87         0.179617E-147
88         0.334642E-149
89         0.621860E-151
