1         0.108897E-01
2         0.103663E-04
3         0.730746E-08
4         0.750825E-11
5         0.579937E-14
6         0.563343E-17
7         0.416513E-20
8         0.361334E-23
9         0.271569E-26
10         0.250463E-29
11         0.194495E-32
12         0.177122E-35
13         0.149180E-38
14         0.129219E-41
15         0.942923E-45
16         0.832708E-48
17         0.674239E-51
18         0.636780E-54
19         0.496104E-57
20         0.434047E-60
21         0.339158E-63
22         0.290783E-66
23         0.222668E-69
24         0.201806E-72
25         0.176366E-75
26         0.155147E-78
27         0.127754E-81
28         0.109012E-84
29         0.885822E-88
30         0.724465E-91
31         0.579526E-94
32         0.511245E-97
33         0.422788E-100
34         0.357646E-103
35         0.291129E-106
36         0.252591E-109
37         0.211401E-112
38         0.185552E-115
39         0.140495E-118
40         0.119382E-121
41         0.956531E-125
42         0.773186E-128
43         0.624581E-131
44         0.541166E-134
45         0.440802E-137
46         0.357653E-140
47         0.291715E-143
48         0.254421E-146
49         0.210700E-149
50         0.190120E-152
