1         0.326317E+02
2         0.281356E+02
3         0.185484E+02
4         0.295602E+03
5         0.177595E+02
6         0.332963E+02
7         0.257724E+02
8         0.196553E+02
9         0.208885E+03
10         0.181322E+02
11         0.384605E+02
12         0.239672E+02
13         0.188652E+02
14         0.122150E+03
15         0.178205E+02
16         0.375678E+02
17         0.277404E+02
18         0.207791E+02
19         0.136796E+03
20         0.184212E+02
21         0.394420E+02
22         0.255533E+02
23         0.209676E+02
24         0.882969E+02
25         0.178596E+02
26         0.440497E+02
27         0.238774E+02
28         0.203283E+02
29         0.645677E+02
30         0.166450E+02
31         0.540683E+02
32         0.215198E+02
33         0.202650E+02
34         0.739524E+02
35         0.168042E+02
36         0.407378E+02
37         0.205898E+02
38         0.201733E+02
39         0.473841E+02
40         0.163339E+02
41         0.525564E+02
42         0.206002E+02
43         0.211781E+02
44         0.495918E+02
45         0.170499E+02
46         0.659206E+02
47         0.209932E+02
48         0.237993E+02
49         0.437258E+02
50         0.176876E+02
51         0.110785E+03
52         0.190514E+02
53         0.275697E+02
54         0.349698E+02
55         0.183969E+02
56         0.274467E+03
57         0.190646E+02
58         0.260026E+02
59         0.411113E+02
60         0.182494E+02
61         0.871379E+02
62         0.197098E+02
63         0.227742E+02
64         0.464287E+02
65         0.173789E+02
66         0.781801E+02
67         0.199865E+02
68         0.201137E+02
69         0.515781E+02
70         0.159061E+02
71         0.439751E+02
72         0.188551E+02
73         0.178567E+02
74         0.851563E+02
75         0.166364E+02
76         0.363706E+02
77         0.214031E+02
78         0.192173E+02
79         0.911903E+02
80         0.165357E+02
81         0.352165E+02
82         0.227193E+02
83         0.178722E+02
84         0.156488E+03
85         0.168940E+02
86         0.288916E+02
87         0.261536E+02
88         0.172695E+02
89         0.259024E+03
90         0.168683E+02
91         0.294489E+02
92         0.282759E+02
93         0.159345E+02
94         0.125518E+04
95         0.169414E+02
96         0.256415E+02
97         0.276451E+02
98         0.170661E+02
99         0.127051E+04
100         0.173793E+02
101         0.294074E+02
102         0.311409E+02
103         0.171102E+02
104         0.175973E+03
105         0.190258E+02
106         0.242091E+02
107         0.486762E+02
108         0.184781E+02
109         0.845560E+02
110         0.210393E+02
111         0.255257E+02
112         0.469766E+02
113         0.184311E+02
114         0.765362E+02
115         0.213211E+02
116         0.231226E+02
117         0.482434E+02
118         0.181915E+02
119         0.578676E+02
120         0.229735E+02
121         0.237594E+02
122         0.530977E+02
123         0.197369E+02
124         0.662947E+02
125         0.254184E+02
126         0.242090E+02
127         0.772976E+02
128         0.206320E+02
129         0.604840E+02
130         0.268045E+02
131         0.227312E+02
132         0.160740E+03
133         0.210817E+02
134         0.452514E+02
135         0.312886E+02
136         0.214020E+02
137         0.696558E+03
138         0.223362E+02
139         0.339623E+02
140         0.402986E+02
141         0.213768E+02
142         0.150852E+03
143         0.225531E+02
144         0.266556E+02
145         0.496373E+02
146         0.192202E+02
147         0.627889E+02
148         0.249975E+02
149         0.218447E+02
150         0.924286E+02
151         0.191782E+02
152         0.520266E+02
153         0.239961E+02
154         0.225846E+02
155         0.618800E+02
156         0.186118E+02
157         0.678875E+02
158         0.220757E+02
159         0.238211E+02
160         0.523454E+02
161         0.191282E+02
162         0.763975E+02
163         0.230086E+02
164         0.243915E+02
165         0.515173E+02
166         0.197902E+02
167         0.958636E+02
168         0.250767E+02
169         0.344315E+02
170         0.444423E+02
171         0.249676E+02
172         0.688839E+03
173         0.245415E+02
174         0.450902E+02
175         0.352910E+02
176         0.264975E+02
177         0.700956E+03
178         0.237284E+02
179         0.371083E+02
180         0.410272E+02
181         0.239067E+02
182         0.231705E+03
183         0.283070E+02
184         0.376755E+02
185         0.471667E+02
186         0.256141E+02
187         0.255973E+03
188         0.250747E+02
189         0.304992E+02
190         0.561907E+02
191         0.232398E+02
192         0.100907E+03
193         0.273063E+02
194         0.288391E+02
195         0.962143E+02
196         0.257056E+02
197         0.506943E+02
198         0.441241E+02
199         0.265285E+02
200         0.145941E+03
201         0.311301E+02
202         0.381517E+02
203         0.610495E+02
204         0.288716E+02
205         0.150069E+03
206         0.311340E+02
207         0.404689E+02
208         0.425891E+02
209         0.272645E+02
210         0.267350E+03
211         0.252470E+02
212         0.473549E+02
213         0.396633E+02
214         0.253620E+02
215         0.655923E+03
216         0.244618E+02
217         0.334677E+02
218         0.453936E+02
219         0.224988E+02
220         0.117059E+03
221         0.273223E+02
222         0.269394E+02
223         0.972476E+02
224         0.234016E+02
225         0.436581E+02
226         0.358011E+02
227         0.255947E+02
228         0.165476E+04
229         0.262915E+02
230         0.660795E+02
231         0.297678E+02
232         0.291023E+02
233         0.974637E+02
234         0.240671E+02
235         0.499507E+02
236         0.393167E+02
237         0.245683E+02
238         0.109340E+04
239         0.242132E+02
240         0.393508E+02
241         0.351879E+02
242         0.264359E+02
243         0.105494E+03
244         0.225945E+02
245         0.721106E+02
246         0.254733E+02
247         0.230978E+02
248         0.113607E+03
249         0.198884E+02
250         0.331800E+02
251         0.369434E+02
252         0.204315E+02
253         0.134673E+03
254         0.242627E+02
255         0.271714E+02
256         0.655572E+02
257         0.205106E+02
258         0.113772E+03
259         0.211206E+02
260         0.292123E+02
261         0.376879E+02
262         0.191353E+02
263         0.653426E+02
264         0.240221E+02
265         0.207864E+02
266         0.151073E+03
267         0.191967E+02
268         0.407843E+02
269         0.262088E+02
270         0.221538E+02
271         0.528899E+02
272         0.169329E+02
273         0.523362E+02
274         0.207788E+02
275         0.212243E+02
276         0.469799E+02
277         0.177282E+02
278         0.858629E+02
279         0.201416E+02
280         0.216355E+02
281         0.542931E+02
282         0.162403E+02
283         0.426359E+02
284         0.206377E+02
285         0.186147E+02
286         0.664068E+02
287         0.173882E+02
288         0.446167E+02
289         0.239549E+02
290         0.218095E+02
291         0.125111E+03
292         0.185520E+02
293         0.313706E+02
294         0.304221E+02
295         0.166041E+02
296         0.105441E+03
297         0.191917E+02
298         0.299285E+02
299         0.290206E+02
300         0.205238E+02
301         0.191909E+03
302         0.190441E+02
303         0.341143E+02
304         0.286279E+02
305         0.201857E+02
306         0.131927E+03
307         0.182997E+02
308         0.470645E+02
309         0.232296E+02
310         0.219035E+02
311         0.913469E+02
312         0.186469E+02
313         0.299225E+02
314         0.459872E+02
315         0.185131E+02
316         0.660129E+02
317         0.225924E+02
318         0.274993E+02
319         0.370303E+02
320         0.202415E+02
321         0.204794E+03
322         0.200207E+02
323         0.360362E+02
324         0.342231E+02
325         0.194995E+02
326         0.204672E+03
327         0.199126E+02
328         0.281344E+02
329         0.314475E+02
330         0.196143E+02
331         0.318936E+03
332         0.197536E+02
333         0.310175E+02
334         0.453363E+02
335         0.213473E+02
336         0.793517E+02
337         0.272423E+02
338         0.288518E+02
339         0.676138E+02
340         0.241537E+02
341         0.107375E+03
342         0.282073E+02
343         0.264669E+02
344         0.156562E+03
345         0.221125E+02
346         0.376671E+02
347         0.350486E+02
348         0.231048E+02
349         0.306541E+03
350         0.234614E+02
351         0.393495E+02
352         0.400217E+02
353         0.212362E+02
354         0.227465E+03
355         0.228785E+02
356         0.365058E+02
357         0.357872E+02
358         0.234270E+02
359         0.109807E+04
360         0.231305E+02
361         0.289208E+02
362         0.475040E+02
363         0.186300E+02
364         0.506996E+02
365         0.277709E+02
366         0.250963E+02
367         0.641131E+02
368         0.203496E+02
369         0.155398E+03
370         0.209768E+02
371         0.249522E+02
372         0.541466E+02
373         0.178678E+02
374         0.570974E+02
375         0.210794E+02
376         0.221312E+02
377         0.409807E+02
378         0.178761E+02
379         0.122753E+03
380         0.200333E+02
381         0.266235E+02
382         0.371405E+02
383         0.179726E+02
384         0.174121E+03
385         0.183319E+02
386         0.234151E+02
387         0.366977E+02
388         0.177683E+02
389         0.168294E+03
390         0.198069E+02
391         0.231160E+02
392         0.438608E+02
393         0.163804E+02
394         0.700865E+02
395         0.195490E+02
396         0.306670E+02
397         0.254660E+02
398         0.172609E+02
399         0.152080E+03
400         0.181779E+02
401         0.196549E+02
402         0.475099E+02
403         0.165560E+02
404         0.101913E+03
405         0.197261E+02
406         0.272675E+02
407         0.306211E+02
408         0.185220E+02
409         0.309619E+04
410         0.184933E+02
411         0.301041E+02
412         0.273102E+02
413         0.168130E+02
414         0.821469E+03
415         0.168154E+02
416         0.263718E+02
417         0.262949E+02
418         0.159924E+02
419         0.916777E+02
420         0.201036E+02
421         0.220633E+02
422         0.413119E+02
423         0.166120E+02
424         0.668266E+02
425         0.189964E+02
426         0.218755E+02
427         0.466394E+02
428         0.160431E+02
429         0.793515E+02
430         0.192449E+02
431         0.265564E+02
432         0.286377E+02
433         0.160634E+02
434         0.861191E+02
435         0.182800E+02
436         0.172239E+02
437         0.325515E+03
438         0.171020E+02
439         0.334296E+02
440         0.227203E+02
441         0.174621E+02
442         0.531203E+03
443         0.187761E+02
444         0.211716E+02
445         0.452587E+02
446         0.143454E+02
447         0.311367E+02
448         0.222156E+02
449         0.171948E+02
450         0.727174E+03
451         0.170049E+02
452         0.333787E+02
453         0.222552E+02
454         0.156599E+02
455         0.979576E+03
456         0.156999E+02
457         0.195587E+02
458         0.477121E+02
459         0.155981E+02
460         0.345280E+02
461         0.222976E+02
462         0.172483E+02
463         0.188760E+03
464         0.162308E+02
465         0.291822E+02
466         0.238561E+02
467         0.192875E+02
468         0.426295E+02
469         0.162345E+02
470         0.818435E+02
471         0.203824E+02
472         0.162055E+02
473         0.140796E+04
474         0.169624E+02
475         0.466950E+02
476         0.201260E+02
477         0.187625E+02
478         0.791798E+02
479         0.149529E+02
480         0.304701E+02
481         0.204657E+02
482         0.196899E+02
483         0.487578E+02
484         0.141968E+02
485         0.331849E+02
486         0.186706E+02
487         0.185937E+02
488         0.435218E+02
489         0.138861E+02
490         0.244043E+02
491         0.244796E+02
492         0.133630E+02
493         0.172442E+03
494         0.152737E+02
495         0.274867E+02
496         0.207326E+02
497         0.151496E+02
498         0.292566E+03
499         0.153630E+02
500         0.312128E+02
501         0.194717E+02
502         0.142492E+02
503         0.351594E+03
504         0.145331E+02
505         0.263540E+02
506         0.190606E+02
507         0.147668E+02
508         0.212542E+03
509         0.134428E+02
510         0.168337E+02
511         0.327308E+02
512         0.122632E+02
513         0.506656E+02
514         0.141664E+02
515         0.161692E+02
516         0.313260E+02
517         0.115311E+02
518         0.815329E+02
519         0.121168E+02
520         0.187633E+02
521         0.213713E+02
522         0.107245E+02
523         0.245177E+02
524         0.181570E+02
525         0.126158E+02
526         0.586471E+02
527         0.114349E+02
528         0.497203E+02
529         0.141165E+02
530         0.129673E+02
531         0.470764E+02
532         0.109757E+02
533         0.304556E+02
534         0.149984E+02
535         0.108894E+02
536         0.656114E+02
537         0.126601E+02
538         0.160226E+02
539         0.171189E+02
540         0.110288E+02
541         0.699196E+02
542         0.103530E+02
543         0.155500E+02
544         0.223063E+02
545         0.107244E+02
546         0.177248E+03
547         0.994508E+01
548         0.173550E+02
549         0.168295E+02
550         0.140468E+02
551         0.268577E+02
552         0.983956E+01
553         0.279858E+02
554         0.137049E+02
555         0.129685E+02
556         0.234874E+02
557         0.886067E+01
558         0.251030E+02
559         0.127467E+02
560         0.807067E+01
561         0.330054E+02
562         0.990120E+01
563         0.101320E+02
564         0.160191E+02
565         0.799165E+01
566         0.140144E+03
567         0.830144E+01
568         0.952977E+01
569         0.209843E+02
570         0.713643E+01
571         0.228267E+02
572         0.892573E+01
573         0.663636E+01
574         0.262727E+04
575         0.673885E+01
576         0.107985E+02
577         0.145792E+02
578         0.754586E+01
579         0.390497E+02
580         0.724366E+01
581         0.913916E+01
582         0.129246E+02
583         0.712263E+01
584         0.524988E+02
585         0.682518E+01
586         0.142559E+02
587         0.107117E+02
588         0.807552E+01
589         0.165500E+02
590         0.607141E+01
591         0.143591E+02
592         0.105225E+02
593         0.648784E+01
594         0.786740E+02
595         0.692943E+01
596         0.115654E+02
597         0.128322E+02
598         0.664210E+01
599         0.237078E+02
600         0.848133E+01
601         0.105436E+02
602         0.148196E+02
603         0.740754E+01
604         0.426481E+03
605         0.727960E+01
606         0.208933E+02
607         0.838188E+01
608         0.689671E+01
609         0.333321E+02
610         0.851834E+01
611         0.663761E+01
612         0.437719E+04
613         0.651841E+01
614         0.125329E+02
615         0.975718E+01
616         0.694284E+01
617         0.521018E+04
618         0.676948E+01
619         0.137891E+02
620         0.866915E+01
621         0.563152E+01
622         0.296007E+03
623         0.554313E+01
624         0.144038E+02
625         0.713742E+01
626         0.548350E+01
627         0.872075E+02
628         0.547593E+01
629         0.861816E+01
630         0.840624E+01
631         0.582913E+01
632         0.394032E+02
633         0.547085E+01
634         0.738893E+01
635         0.108217E+02
636         0.497166E+01
637         0.332926E+02
638         0.598634E+01
639         0.617917E+01
640         0.315168E+02
641         0.505873E+01
642         0.785486E+01
643         0.100464E+02
644         0.633453E+01
645         0.369332E+02
646         0.517710E+01
647         0.119213E+02
648         0.681766E+01
649         0.655770E+01
650         0.373253E+02
651         0.527010E+01
652         0.636578E+01
653         0.197731E+02
654         0.613790E+01
655         0.166828E+02
656         0.703028E+01
657         0.683484E+01
658         0.173747E+02
659         0.586951E+01
660         0.163490E+02
661         0.724857E+01
662         0.670024E+01
663         0.298524E+02
664         0.691358E+01
665         0.209840E+02
666         0.846472E+01
667         0.662294E+01
668         0.183861E+03
669         0.750864E+01
670         0.173395E+02
671         0.819779E+01
672         0.709944E+01
673         0.563457E+02
674         0.677538E+01
675         0.169542E+02
676         0.918595E+01
677         0.694085E+01
678         0.151367E+03
679         0.648498E+01
680         0.103598E+02
681         0.112904E+02
682         0.798669E+01
683         0.134437E+03
684         0.755669E+01
685         0.145965E+02
686         0.115995E+02
687         0.780691E+01
688         0.207991E+03
689         0.716880E+01
690         0.910355E+01
691         0.168553E+02
692         0.795870E+01
693         0.484842E+02
694         0.730567E+01
695         0.737411E+01
696         0.356377E+02
697         0.749846E+01
698         0.242954E+02
699         0.794346E+01
700         0.101272E+02
701         0.135648E+02
702         0.736936E+01
703         0.136773E+03
704         0.758772E+01
705         0.776300E+01
706         0.692523E+02
707         0.759417E+01
708         0.172181E+02
709         0.955179E+01
710         0.927085E+01
711         0.251743E+02
712         0.737631E+01
713         0.344603E+02
714         0.863971E+01
715         0.765180E+01
716         0.606187E+02
717         0.664486E+01
718         0.185271E+02
719         0.865380E+01
720         0.747077E+01
721         0.144979E+03
722         0.721326E+01
723         0.163916E+02
724         0.851928E+01
725         0.675178E+01
726         0.651796E+02
727         0.695443E+01
728         0.102521E+02
729         0.110041E+02
730         0.597183E+01
731         0.566137E+02
732         0.637417E+01
733         0.162569E+02
734         0.804417E+01
735         0.580066E+01
736         0.181103E+02
737         0.707415E+01
738         0.850998E+01
739         0.153722E+02
740         0.599226E+01
741         0.104448E+02
742         0.105171E+02
743         0.714840E+01
744         0.156577E+04
745         0.673813E+01
746         0.111740E+02
747         0.933498E+01
748         0.712560E+01
749         0.255460E+02
750         0.627753E+01
751         0.961158E+01
752         0.117619E+02
753         0.653360E+01
754         0.992889E+02
755         0.655554E+01
756         0.830298E+01
757         0.161473E+02
758         0.659224E+01
759         0.451575E+03
760         0.713776E+01
761         0.689535E+01
762         0.669541E+02
763         0.671804E+01
764         0.114706E+02
765         0.118884E+02
766         0.714979E+01
767         0.566776E+02
768         0.721681E+01
769         0.187139E+02
770         0.110880E+02
771         0.706161E+01
772         0.530188E+02
773         0.840550E+01
774         0.118188E+02
775         0.150493E+02
776         0.698878E+01
777         0.833102E+03
778         0.793577E+01
779         0.114268E+02
780         0.145936E+02
781         0.737537E+01
782         0.265497E+03
783         0.790376E+01
784         0.129525E+02
785         0.169686E+02
786         0.816698E+01
787         0.461628E+03
788         0.871911E+01
789         0.959949E+01
790         0.225070E+02
791         0.800834E+01
792         0.106835E+03
793         0.859881E+01
794         0.842768E+01
795         0.523014E+02
796         0.791394E+01
797         0.455117E+02
798         0.946769E+01
799         0.860386E+01
800         0.300601E+02
801         0.764545E+01
802         0.159924E+02
803         0.120481E+02
804         0.686620E+01
805         0.225710E+03
806         0.766605E+01
807         0.177098E+02
808         0.109147E+02
809         0.775590E+01
810         0.252567E+03
811         0.800994E+01
812         0.109962E+02
813         0.135548E+02
814         0.852051E+01
815         0.312146E+02
816         0.746926E+01
817         0.111159E+02
818         0.127025E+02
819         0.847858E+01
820         0.323863E+02
821         0.736586E+01
822         0.144071E+02
823         0.987712E+01
824         0.734912E+01
825         0.140770E+03
826         0.831367E+01
827         0.153400E+02
828         0.104027E+02
829         0.788121E+01
830         0.797676E+02
831         0.911214E+01
832         0.346440E+02
833         0.964175E+01
834         0.116031E+02
835         0.258605E+02
836         0.979867E+01
837         0.348852E+02
838         0.111495E+02
839         0.108944E+02
840         0.214312E+02
841         0.810685E+01
842         0.121299E+02
843         0.189955E+02
844         0.902216E+01
845         0.638903E+02
846         0.967224E+01
847         0.128062E+02
848         0.176806E+02
849         0.102503E+02
850         0.214900E+03
851         0.905111E+01
852         0.150536E+02
853         0.199279E+02
854         0.105477E+02
855         0.678594E+02
856         0.926796E+01
857         0.171444E+02
858         0.185358E+02
859         0.100105E+02
860         0.632019E+02
861         0.106389E+02
862         0.115828E+02
863         0.687841E+02
864         0.981270E+01
865         0.199694E+02
866         0.158614E+02
867         0.949160E+01
868         0.772174E+02
869         0.102487E+02
870         0.141861E+02
871         0.314357E+02
872         0.103258E+02
873         0.273159E+02
874         0.129261E+02
875         0.147155E+02
876         0.373852E+02
877         0.105598E+02
878         0.379756E+02
879         0.126086E+02
880         0.143783E+02
881         0.908041E+02
882         0.128383E+02
883         0.307083E+02
884         0.142000E+02
885         0.130607E+02
886         0.709817E+02
887         0.112418E+02
888         0.390781E+02
889         0.138217E+02
890         0.149150E+02
891         0.310551E+02
892         0.116835E+02
893         0.768652E+02
894         0.140811E+02
895         0.174018E+02
896         0.181255E+02
897         0.104545E+02
898         0.419773E+02
899         0.156369E+02
900         0.145895E+02
901         0.355898E+02
902         0.109890E+02
903         0.223838E+02
904         0.275180E+02
905         0.151195E+02
906         0.105642E+04
907         0.144594E+02
908         0.179762E+02
909         0.488464E+02
910         0.164554E+02
911         0.707551E+03
912         0.170240E+02
913         0.437699E+02
914         0.221265E+02
915         0.139704E+02
916         0.582424E+02
917         0.203221E+02
918         0.241357E+02
919         0.312981E+02
920         0.149804E+02
921         0.551242E+02
922         0.184970E+02
923         0.185383E+02
924         0.654500E+02
925         0.172383E+02
926         0.440313E+02
927         0.173240E+02
928         0.158743E+02
929         0.590108E+03
930         0.172699E+02
931         0.322746E+02
932         0.239822E+02
933         0.173327E+02
934         0.781529E+02
935         0.122364E+02
936         0.180303E+02
937         0.422768E+02
938         0.170731E+02
939         0.645724E+03
940         0.152119E+02
941         0.264600E+02
942         0.227560E+02
943         0.142808E+02
944         0.676219E+02
945         0.131032E+02
946         0.199220E+02
947         0.257307E+02
948         0.141168E+02
949         0.199275E+03
950         0.146636E+02
951         0.181571E+02
952         0.229158E+02
953         0.121179E+02
954         0.193522E+03
955         0.126695E+02
956         0.232375E+02
957         0.177720E+02
958         0.112619E+02
959         0.797343E+03
960         0.110911E+02
961         0.272676E+02
962         0.168593E+02
963         0.126982E+02
964         0.458928E+02
965         0.109598E+02
966         0.181567E+02
967         0.164297E+02
968         0.109424E+02
969         0.444751E+03
970         0.114612E+02
971         0.916161E+01
972         0.589442E+02
973         0.114403E+02
974         0.133534E+02
975         0.251787E+02
976         0.922957E+01
977         0.198097E+02
978         0.151129E+02
979         0.124559E+02
980         0.420200E+02
981         0.101070E+02
982         0.148047E+02
983         0.181164E+02
984         0.966612E+01
985         0.564559E+02
986         0.119673E+02
987         0.228748E+02
988         0.120660E+02
989         0.993497E+01
990         0.464231E+02
991         0.118155E+02
992         0.147551E+02
993         0.219123E+02
994         0.955738E+01
995         0.346169E+02
996         0.112528E+02
997         0.145155E+02
998         0.202661E+02
999         0.100649E+02
1000         0.571443E+03
1001         0.913065E+01
1002         0.118667E+02
1003         0.160689E+02
1004         0.825733E+01
1005         0.801132E+02
1006         0.859182E+01
1007         0.118308E+02
1008         0.133650E+02
1009         0.908105E+01
1010         0.764696E+02
1011         0.992727E+01
1012         0.329115E+02
1013         0.117553E+02
1014         0.104405E+02
1015         0.605407E+02
1016         0.891355E+01
1017         0.174102E+02
1018         0.148027E+02
1019         0.131946E+02
1020         0.222583E+02
1021         0.762951E+01
1022         0.181842E+02
1023         0.124471E+02
1024         0.993182E+01
