1         0.137261E-02
2         0.471556E-06
3         0.186058E-09
4         0.810916E-13
5         0.160020E-16
6         0.608711E-20
7         0.134390E-23
8         0.372309E-27
9         0.100867E-30
10         0.532215E-34
11         0.145174E-37
12         0.588629E-41
13         0.106203E-44
14         0.221331E-48
15         0.235153E-52
16         0.348764E-56
17         0.557050E-68
18         0.150078E-71
19         0.378782E-75
20         0.333790E-79
21         0.564738E-83
22         0.191018E-86
23         0.110665E-89
24         0.164080E-93
25         0.404906E-97
26         0.909214E-101
27         0.173189E-104
28         0.438952E-108
29         0.861077E-112
30         0.256658E-115
31         0.218811E-119
32         0.318216E-123
33         0.101365E-126
34         0.155255E-136
35         0.594257E-140
36         0.965815E-144
37         0.168793E-148
38         0.729893E-152
