1        1.217954E-003
2        6.974042E-007
3        2.663863E-010
4        5.610441E-014
5        2.107379E-017
6        5.051080E-021
7        2.168191E-024
8        7.090187E-028
9        1.878298E-031
10        5.628796E-035
11        6.346940E-039
12        3.864562E-044
13        3.999723E-053
14        2.877833E-057
15        7.048423E-062
16        1.398651E-065
17        8.133917E-069
18        1.849030E-072
19        2.032470E-076
20        2.864821E-080
21        1.433752E-084
22        2.729903E-088
23        4.345706E-092
24        7.022642E-096
25        6.788145E-101
26        3.103876E-105
27        6.910753E-111
28        1.852359E-115
29        1.275867E-118
30        1.617219E-123
31        3.419334E-128
32        7.613542E-132
33        1.006895E-136
34        1.837010E-141
35        5.341847E-145
36        1.996027E-148
37        3.966410E-152
