1         0.528629E+00
2         0.446219E-01
3         0.354619E-02
4         0.296517E-03
5         0.237954E-04
6         0.190752E-05
7         0.152391E-06
8         0.115496E-07
9         0.871821E-09
10         0.692134E-10
11         0.495045E-11
12         0.328074E-12
13         0.225372E-13
14         0.139356E-14
15         0.112145E-15
16         0.790980E-17
17         0.577254E-18
18         0.488186E-19
19         0.389786E-20
20         0.253776E-21
21         0.211991E-22
22         0.143834E-23
23         0.103656E-24
24         0.743675E-26
25         0.571097E-27
26         0.395348E-28
27         0.284147E-29
28         0.203654E-30
29         0.153897E-31
30         0.993135E-33
31         0.604026E-34
32         0.382945E-35
33         0.257866E-36
34         0.179949E-37
35         0.123878E-38
36         0.860418E-40
37         0.566028E-41
38         0.370427E-42
39         0.250897E-43
40         0.147149E-44
41         0.863502E-46
42         0.632009E-47
43         0.407732E-48
44         0.254007E-49
45         0.149322E-50
46         0.823781E-52
47         0.556538E-53
48         0.367067E-54
49         0.217161E-55
50         0.146112E-56
51         0.829204E-58
52         0.456598E-59
53         0.295718E-60
54         0.165956E-61
55         0.748884E-63
56         0.338746E-64
57         0.209830E-65
58         0.117646E-66
59         0.603298E-68
60         0.303486E-69
61         0.165911E-70
62         0.953581E-72
63         0.582741E-73
64         0.446292E-74
65         0.287589E-75
66         0.263532E-76
67         0.174380E-77
68         0.103855E-78
69         0.456203E-80
70         0.294185E-81
71         0.136349E-82
72         0.969999E-84
73         0.606429E-85
74         0.319534E-86
75         0.128668E-87
76         0.601193E-89
77         0.318495E-90
78         0.240721E-91
79         0.247814E-92
80         0.157031E-93
81         0.673884E-95
82         0.303588E-96
83         0.144650E-97
84         0.700955E-99
85         0.512649E-100
86         0.510146E-101
87         0.336059E-102
88         0.171245E-103
89         0.783504E-105
90         0.369899E-106
91         0.174780E-107
92         0.766851E-109
93         0.459324E-110
94         0.350823E-111
95         0.185733E-112
96         0.121772E-113
97         0.662550E-115
98         0.316612E-116
99         0.188562E-117
100         0.132888E-118
101         0.560156E-120
102         0.221824E-121
103         0.132051E-122
104         0.603690E-124
105         0.274281E-125
106         0.161766E-126
107         0.905931E-128
108         0.410405E-129
109         0.313246E-130
110         0.224748E-131
111         0.182131E-132
112         0.130437E-133
113         0.850816E-135
114         0.723363E-136
115         0.212892E-137
116         0.683195E-139
117         0.504937E-140
118         0.384989E-141
119         0.225921E-142
120         0.100403E-143
121         0.743143E-145
122         0.508329E-146
123         0.216601E-147
124         0.790604E-149
125         0.444280E-150
