1         0.395905E-01
2         0.303068E-03
3         0.171916E-05
4         0.143048E-07
5         0.100853E-09
6         0.974175E-12
7         0.596599E-14
8         0.509433E-16
9         0.372880E-18
10         0.240496E-20
11         0.110610E-22
12         0.791942E-25
13         0.386936E-27
14         0.243555E-29
15         0.174026E-31
16         0.117164E-33
17         0.781242E-36
18         0.469798E-38
19         0.281033E-40
20         0.204730E-42
21         0.120961E-44
22         0.754771E-47
23         0.518326E-49
24         0.307142E-51
25         0.160863E-53
26         0.110317E-55
27         0.620692E-58
28         0.435128E-60
29         0.285471E-62
30         0.190083E-64
31         0.107837E-66
32         0.782136E-69
33         0.376989E-71
34         0.177021E-73
35         0.993723E-76
36         0.480343E-78
37         0.221298E-80
38         0.126602E-82
39         0.654853E-85
40         0.346831E-87
41         0.209033E-89
42         0.914022E-92
43         0.413091E-94
44         0.224801E-96
45         0.136795E-98
46         0.734384E-101
47         0.352245E-103
48         0.181266E-105
49         0.144038E-107
50         0.121862E-109
51         0.828174E-112
52         0.516132E-114
53         0.295428E-116
54         0.157066E-118
55         0.672391E-121
56         0.255608E-123
57         0.122888E-125
58         0.408101E-128
59         0.163561E-130
60         0.996209E-133
61         0.526734E-135
62         0.269198E-137
63         0.988125E-140
64         0.486406E-142
65         0.135050E-144
66         0.961087E-147
67         0.417935E-149
68         0.193780E-151
