1         0.435391E+01
2         0.483374E+01
3         0.111820E+02
4         0.170646E+02
5         0.447978E+01
6         0.276173E+01
7         0.184994E+01
8         0.157574E+01
9         0.209162E+01
10         0.107363E+02
11         0.335680E+01
12         0.142067E+01
13         0.107999E+01
14         0.129122E+01
15         0.601057E+01
16         0.214712E+01
17         0.918987E+00
18         0.572793E+00
19         0.547167E+00
20         0.989539E+00
21         0.558185E+01
22         0.677919E+00
23         0.402863E+00
24         0.237681E+00
25         0.207107E+00
26         0.206836E+00
27         0.274266E+00
28         0.533132E+00
29         0.198450E+01
30         0.355796E+00
31         0.169742E+00
32         0.923724E-01
33         0.747542E-01
34         0.834957E-01
35         0.105516E+00
36         0.167560E+00
37         0.110766E+01
38         0.239295E+00
39         0.107616E+00
40         0.564035E-01
41         0.333005E-01
42         0.199048E-01
43         0.129652E-01
44         0.105984E-01
45         0.761717E-02
46         0.490647E-02
47         0.286666E-02
48         0.226388E-02
49         0.157445E-02
50         0.784008E-03
51         0.407500E-03
52         0.234830E-03
53         0.116143E-03
54         0.733645E-04
55         0.527429E-04
56         0.420862E-04
57         0.267746E-04
58         0.181015E-04
59         0.108154E-04
60         0.678521E-05
61         0.559086E-05
62         0.324369E-05
63         0.180103E-05
64         0.125850E-05
65         0.921582E-06
66         0.600880E-06
67         0.352076E-06
68         0.165271E-06
69         0.720889E-07
70         0.287702E-07
71         0.141832E-07
72         0.243029E-07
73         0.762887E-07
74         0.138787E-07
75         0.549894E-08
76         0.211925E-08
77         0.878557E-09
78         0.400566E-09
79         0.205259E-09
80         0.308390E-09
81         0.375481E-08
82         0.187201E-09
83         0.654942E-10
84         0.305859E-10
85         0.196065E-10
86         0.192552E-10
87         0.392288E-10
88         0.937988E-10
89         0.165895E-10
90         0.789646E-11
91         0.327972E-11
92         0.136830E-11
93         0.710364E-12
94         0.445884E-12
95         0.442924E-12
96         0.168766E-11
97         0.581766E-12
98         0.200973E-12
99         0.883366E-13
100         0.394083E-13
101         0.253979E-13
102         0.404916E-13
103         0.495019E-12
104         0.283484E-13
105         0.990908E-14
106         0.537392E-14
107         0.809923E-14
108         0.151612E-12
109         0.100565E-13
110         0.347942E-14
111         0.103722E-14
112         0.246201E-15
113         0.817333E-16
114         0.318724E-16
115         0.102916E-16
116         0.431561E-17
117         0.163027E-17
118         0.187926E-17
119         0.170578E-17
120         0.962880E-18
121         0.685350E-18
122         0.154648E-17
123         0.585645E-18
124         0.198039E-18
125         0.624329E-19
126         0.162799E-19
127         0.453717E-20
128         0.446561E-20
