1         0.138019E+01
2         0.317947E+00
3         0.798341E-01
4         0.185580E-01
5         0.430740E-02
6         0.105457E-02
7         0.241342E-03
8         0.572261E-04
9         0.127806E-04
10         0.299576E-05
11         0.598703E-06
12         0.133194E-06
13         0.277054E-07
14         0.607157E-08
15         0.139946E-08
16         0.281717E-09
17         0.522531E-10
18         0.127061E-10
19         0.262121E-11
20         0.465368E-12
21         0.853968E-13
22         0.191936E-13
23         0.385421E-14
24         0.773053E-15
25         0.156800E-15
26         0.265484E-16
27         0.442148E-17
28         0.888412E-18
29         0.142401E-18
30         0.287184E-19
31         0.614937E-20
32         0.108096E-20
33         0.176783E-21
34         0.370631E-22
35         0.880350E-23
36         0.175545E-23
37         0.315504E-24
38         0.556497E-25
39         0.110606E-25
40         0.192657E-26
41         0.354930E-27
42         0.632320E-28
43         0.109868E-28
44         0.169347E-29
45         0.325863E-30
46         0.534322E-31
47         0.839220E-32
48         0.137246E-32
49         0.245658E-33
50         0.351095E-34
51         0.453559E-35
52         0.592717E-36
53         0.100887E-36
54         0.152512E-37
55         0.249209E-38
56         0.346584E-39
57         0.440126E-40
58         0.697858E-41
59         0.111337E-41
60         0.169792E-42
61         0.371129E-43
62         0.978533E-44
63         0.238265E-44
64         0.474674E-45
65         0.745486E-46
66         0.111154E-46
67         0.165543E-47
68         0.263220E-48
69         0.337649E-49
70         0.480519E-50
71         0.731147E-51
72         0.105447E-51
73         0.168445E-52
74         0.371382E-53
75         0.850669E-54
76         0.193491E-54
77         0.347695E-55
78         0.453443E-56
79         0.877573E-57
80         0.170433E-57
81         0.170196E-58
82         0.191195E-59
83         0.269807E-60
84         0.347894E-61
85         0.533642E-62
86         0.116701E-62
87         0.217306E-63
88         0.283193E-64
89         0.362475E-65
90         0.534395E-66
91         0.945182E-67
92         0.161014E-67
93         0.367736E-68
94         0.620953E-69
95         0.864507E-70
96         0.137631E-70
97         0.330056E-71
98         0.758996E-72
99         0.104233E-72
100         0.108759E-73
101         0.142176E-74
102         0.329053E-75
103         0.605540E-76
104         0.678119E-77
105         0.144337E-77
106         0.348387E-78
107         0.622268E-79
108         0.864608E-80
109         0.109485E-80
110         0.252124E-81
111         0.632195E-82
112         0.106475E-82
113         0.129236E-83
114         0.100969E-84
115         0.119813E-85
116         0.155798E-86
117         0.332896E-87
118         0.621315E-88
119         0.563228E-89
120         0.583152E-90
121         0.814290E-91
122         0.802074E-92
123         0.103181E-92
124         0.245695E-93
125         0.590713E-94
126         0.665470E-95
127         0.848059E-96
128         0.218932E-96
