1        1.729607E-001
2        4.244145E-004
3        1.038959E-006
4        2.597493E-009
5        6.390887E-012
6        1.585191E-014
7        3.942163E-017
8        9.792704E-020
9        2.435592E-022
10        6.066246E-025
11        1.502050E-027
12        3.704552E-030
13        9.170978E-033
14        2.295357E-035
15        5.713451E-038
16        1.418949E-040
17        3.561057E-043
18        8.894652E-046
19        2.214623E-048
20        5.492324E-051
21        1.387510E-053
22        3.423283E-056
23        8.360772E-059
24        2.085167E-061
25        5.120242E-064
26        1.283830E-066
27        3.169885E-069
28        7.858422E-072
29        1.950749E-074
30        4.852724E-077
31        1.205949E-079
32        3.010913E-082
33        7.420382E-085
34        1.854136E-087
35        4.594949E-090
36        1.127019E-092
37        2.811684E-095
38        6.928757E-098
39        1.749045E-100
40        4.332386E-103
41        1.083145E-105
42        2.726408E-108
43        6.684736E-111
44        1.666787E-113
45        4.178488E-116
46        1.032957E-118
47        2.583882E-121
48        6.493837E-124
49        1.633292E-126
50        4.073727E-129
51        1.006072E-131
52        2.503020E-134
53        6.244834E-137
54        1.569531E-139
55        3.904954E-142
56        9.700930E-145
57        2.390241E-147
58        6.002736E-150
59        1.497017E-152
