1         0.213234E+02
2         0.563112E+02
3         0.388841E+02
4         0.202775E+02
5         0.336677E+02
6         0.704979E+02
7         0.210779E+02
8         0.240074E+02
9         0.217426E+03
10         0.270626E+02
11         0.209750E+02
12         0.468549E+02
13         0.482142E+02
14         0.216975E+02
15         0.287788E+02
16         0.186119E+03
17         0.245274E+02
18         0.219188E+02
19         0.679805E+02
20         0.346078E+02
21         0.202059E+02
22         0.313606E+02
23         0.784485E+02
24         0.209310E+02
25         0.220734E+02
26         0.213746E+03
27         0.255101E+02
28         0.190666E+02
29         0.361393E+02
30         0.527461E+02
31         0.194040E+02
32         0.239024E+02
33         0.126509E+04
34         0.242754E+02
35         0.189180E+02
36         0.484895E+02
37         0.364029E+02
38         0.178351E+02
39         0.238760E+02
40         0.272161E+03
41         0.224514E+02
42         0.193616E+02
43         0.625970E+02
44         0.292443E+02
45         0.175142E+02
46         0.291537E+02
47         0.629607E+02
48         0.193146E+02
49         0.203189E+02
50         0.110388E+03
51         0.271105E+02
52         0.177974E+02
53         0.320085E+02
54         0.579421E+02
55         0.187233E+02
56         0.199254E+02
57         0.181856E+03
58         0.231038E+02
59         0.172621E+02
60         0.337439E+02
61         0.525627E+02
62         0.189411E+02
63         0.223058E+02
64         0.400216E+03
65         0.253964E+02
66         0.191089E+02
67         0.395353E+02
68         0.509191E+02
69         0.201141E+02
70         0.244108E+02
71         0.604617E+03
72         0.262306E+02
73         0.209101E+02
74         0.494108E+02
75         0.447448E+02
76         0.204649E+02
77         0.257221E+02
78         0.511300E+03
79         0.225076E+02
80         0.195846E+02
81         0.525874E+02
82         0.354410E+02
83         0.180393E+02
84         0.235949E+02
85         0.136352E+03
86         0.196011E+02
87         0.182684E+02
88         0.615570E+02
89         0.294596E+02
90         0.172192E+02
91         0.260437E+02
92         0.111606E+03
93         0.199260E+02
94         0.187350E+02
95         0.632603E+02
96         0.298577E+02
97         0.171950E+02
98         0.278371E+02
99         0.643324E+02
100         0.176531E+02
101         0.194062E+02
102         0.255878E+03
103         0.214519E+02
104         0.159527E+02
105         0.375740E+02
106         0.353566E+02
107         0.162453E+02
108         0.192930E+02
109         0.199001E+03
110         0.214415E+02
111         0.157077E+02
112         0.304380E+02
113         0.452186E+02
114         0.166820E+02
115         0.174302E+02
116         0.636378E+02
117         0.265015E+02
118         0.154493E+02
119         0.243689E+02
120         0.633852E+02
121         0.166689E+02
122         0.171312E+02
123         0.126519E+03
124         0.202299E+02
125         0.146973E+02
126         0.286352E+02
127         0.453516E+02
128         0.159864E+02
129         0.171499E+02
130         0.950421E+02
131         0.224606E+02
132         0.156607E+02
133         0.311821E+02
134         0.409968E+02
135         0.161888E+02
136         0.189852E+02
137         0.166284E+03
138         0.222911E+02
139         0.158179E+02
140         0.323700E+02
141         0.376121E+02
142         0.161252E+02
143         0.195374E+02
144         0.629999E+03
145         0.199051E+02
146         0.153524E+02
147         0.330132E+02
148         0.376343E+02
149         0.157635E+02
150         0.186836E+02
151         0.164101E+03
152         0.213875E+02
153         0.157965E+02
154         0.307656E+02
155         0.445627E+02
156         0.160298E+02
157         0.179798E+02
158         0.200705E+03
159         0.207076E+02
160         0.154912E+02
161         0.299863E+02
162         0.413202E+02
163         0.159259E+02
164         0.184022E+02
165         0.380664E+03
166         0.196754E+02
167         0.142703E+02
168         0.262713E+02
169         0.447587E+02
170         0.155948E+02
171         0.201944E+02
172         0.109837E+03
173         0.171300E+02
174         0.174541E+02
175         0.155531E+03
176         0.199208E+02
177         0.146684E+02
178         0.264476E+02
179         0.529248E+02
180         0.158774E+02
181         0.165654E+02
182         0.959577E+02
183         0.217667E+02
184         0.142161E+02
185         0.216070E+02
186         0.103285E+03
187         0.174666E+02
188         0.154338E+02
189         0.389075E+02
190         0.324954E+02
191         0.156658E+02
192         0.203543E+02
193         0.357342E+03
194         0.191362E+02
195         0.164518E+02
196         0.385763E+02
197         0.341569E+02
198         0.161280E+02
199         0.224115E+02
200         0.110318E+03
201         0.189132E+02
202         0.196721E+02
203         0.127611E+03
204         0.246924E+02
205         0.170974E+02
206         0.291764E+02
207         0.622056E+02
208         0.180869E+02
209         0.186101E+02
210         0.116946E+03
211         0.232597E+02
212         0.164641E+02
213         0.302460E+02
214         0.564250E+02
215         0.179087E+02
216         0.172104E+02
217         0.483932E+02
218         0.301880E+02
219         0.166013E+02
220         0.232384E+02
221         0.243296E+03
222         0.207402E+02
223         0.168059E+02
224         0.398721E+02
225         0.369100E+02
226         0.162146E+02
227         0.201485E+02
228         0.480599E+03
229         0.216257E+02
230         0.165792E+02
231         0.318818E+02
232         0.556187E+02
233         0.179300E+02
234         0.182699E+02
235         0.731563E+02
236         0.257189E+02
237         0.158396E+02
238         0.237907E+02
239         0.113921E+03
240         0.193182E+02
241         0.184988E+02
242         0.625171E+02
243         0.294457E+02
244         0.174745E+02
245         0.303571E+02
246         0.501885E+02
247         0.174210E+02
248         0.209303E+02
249         0.299501E+03
250         0.228213E+02
251         0.174814E+02
252         0.351645E+02
253         0.485026E+02
254         0.185333E+02
255         0.207399E+02
256         0.180360E+03
257         0.242515E+02
258         0.177580E+02
259         0.297973E+02
260         0.795265E+02
261         0.202768E+02
262         0.204123E+02
263         0.904179E+02
264         0.299347E+02
265         0.198993E+02
266         0.409944E+02
267         0.426737E+02
268         0.193145E+02
269         0.245435E+02
270         0.350332E+03
271         0.223721E+02
272         0.191560E+02
273         0.498783E+02
274         0.382167E+02
275         0.184004E+02
276         0.240977E+02
277         0.568226E+03
278         0.228377E+02
279         0.178791E+02
280         0.325066E+02
281         0.544810E+02
282         0.180479E+02
283         0.188146E+02
284         0.732716E+02
285         0.273326E+02
286         0.158084E+02
287         0.255758E+02
288         0.720208E+02
289         0.183127E+02
290         0.197670E+02
291         0.753660E+03
292         0.203163E+02
293         0.175915E+02
294         0.554392E+02
295         0.300056E+02
296         0.167262E+02
297         0.243309E+02
298         0.141864E+03
299         0.200379E+02
300         0.201641E+02
301         0.322788E+03
302         0.205555E+02
303         0.163077E+02
304         0.381139E+02
305         0.356930E+02
306         0.161008E+02
307         0.193878E+02
308         0.989623E+02
309         0.255981E+02
310         0.167592E+02
311         0.258084E+02
312         0.133374E+03
313         0.200835E+02
314         0.177753E+02
315         0.509815E+02
316         0.320228E+02
317         0.169879E+02
318         0.250960E+02
319         0.853313E+02
320         0.186183E+02
321         0.191010E+02
322         0.133634E+03
323         0.231574E+02
324         0.155259E+02
325         0.255856E+02
326         0.646268E+02
327         0.176311E+02
328         0.171092E+02
329         0.590485E+02
330         0.259972E+02
331         0.153866E+02
332         0.235987E+02
333         0.875324E+02
334         0.178341E+02
335         0.193890E+02
336         0.311903E+03
337         0.216295E+02
338         0.169006E+02
339         0.366052E+02
340         0.387604E+02
341         0.166785E+02
342         0.204019E+02
343         0.192910E+03
344         0.234865E+02
345         0.173323E+02
346         0.301203E+02
347         0.695714E+02
348         0.193330E+02
349         0.208935E+02
350         0.107590E+04
351         0.210829E+02
352         0.184195E+02
353         0.578131E+02
354         0.296593E+02
355         0.165667E+02
356         0.213365E+02
357         0.566466E+03
358         0.208512E+02
359         0.177906E+02
360         0.437803E+02
361         0.350607E+02
362         0.175040E+02
363         0.239361E+02
364         0.214278E+03
365         0.204517E+02
366         0.181378E+02
367         0.487642E+02
368         0.344878E+02
369         0.174359E+02
370         0.230884E+02
371         0.141653E+05
372         0.246007E+02
373         0.196850E+02
374         0.536003E+02
375         0.325507E+02
376         0.185362E+02
377         0.305734E+02
378         0.832735E+02
379         0.200636E+02
380         0.195890E+02
381         0.605411E+02
382         0.329949E+02
383         0.179283E+02
384         0.232831E+02
385         0.945933E+03
386         0.216697E+02
387         0.158540E+02
388         0.248146E+02
389         0.136972E+03
390         0.208259E+02
391         0.190953E+02
392         0.534627E+02
393         0.335649E+02
394         0.175476E+02
395         0.266785E+02
396         0.786370E+02
397         0.185999E+02
398         0.193669E+02
399         0.837931E+02
400         0.273524E+02
401         0.171222E+02
402         0.273134E+02
403         0.570981E+02
404         0.180634E+02
405         0.237595E+02
406         0.137817E+03
407         0.191743E+02
408         0.171402E+02
409         0.508391E+02
410         0.310027E+02
411         0.152770E+02
412         0.187704E+02
413         0.363767E+03
414         0.209709E+02
415         0.156992E+02
416         0.270647E+02
417         0.687494E+02
418         0.178275E+02
419         0.159118E+02
420         0.360044E+02
421         0.374089E+02
422         0.161533E+02
423         0.190211E+02
424         0.196107E+03
425         0.224067E+02
426         0.174163E+02
427         0.401838E+02
428         0.375288E+02
429         0.165508E+02
430         0.196440E+02
431         0.212419E+03
432         0.226319E+02
433         0.162399E+02
434         0.374812E+02
435         0.330549E+02
436         0.164293E+02
437         0.287177E+02
438         0.483617E+02
439         0.160097E+02
440         0.178770E+02
441         0.986455E+02
442         0.237888E+02
443         0.149425E+02
444         0.209853E+02
445         0.179095E+03
446         0.184092E+02
447         0.156235E+02
448         0.370002E+02
449         0.325670E+02
450         0.162631E+02
451         0.244119E+02
452         0.697948E+02
453         0.165503E+02
454         0.161739E+02
455         0.502051E+02
456         0.270817E+02
457         0.147035E+02
458         0.263686E+02
459         0.398331E+02
460         0.150942E+02
461         0.177960E+02
462         0.155534E+03
463         0.208014E+02
464         0.149338E+02
465         0.234789E+02
466         0.898465E+02
467         0.179229E+02
468         0.169374E+02
469         0.496181E+02
470         0.283669E+02
471         0.160693E+02
472         0.244461E+02
473         0.762228E+02
474         0.175586E+02
475         0.176305E+02
476         0.889891E+02
477         0.213770E+02
478         0.153614E+02
479         0.413012E+02
480         0.277556E+02
481         0.148386E+02
482         0.212936E+02
483         0.120897E+03
484         0.164955E+02
485         0.135005E+02
486         0.257749E+02
487         0.495073E+02
488         0.155070E+02
489         0.164185E+02
490         0.822588E+02
491         0.212396E+02
492         0.143734E+02
493         0.254843E+02
494         0.405724E+02
495         0.143508E+02
496         0.162909E+02
497         0.152647E+03
498         0.185289E+02
499         0.123622E+02
500         0.204270E+02
501         0.622511E+02
502         0.151924E+02
503         0.169332E+02
504         0.340162E+03
505         0.176563E+02
506         0.130256E+02
507         0.225814E+02
508         0.522036E+02
509         0.146574E+02
510         0.148320E+02
511         0.601637E+02
512         0.233040E+02
513         0.155194E+02
514         0.313036E+02
515         0.335074E+02
516         0.149770E+02
517         0.183753E+02
518         0.160861E+04
519         0.177926E+02
520         0.162118E+02
521         0.802937E+02
522         0.205594E+02
523         0.141468E+02
524         0.246940E+02
525         0.619384E+02
526         0.168675E+02
527         0.149394E+02
528         0.323491E+02
529         0.363766E+02
530         0.156621E+02
531         0.194429E+02
532         0.337983E+03
533         0.187186E+02
534         0.164525E+02
535         0.476336E+02
536         0.307193E+02
537         0.151394E+02
538         0.173374E+02
539         0.992325E+02
540         0.231045E+02
541         0.141807E+02
542         0.199199E+02
543         0.237246E+03
544         0.181880E+02
545         0.151117E+02
546         0.409902E+02
547         0.269687E+02
548         0.148416E+02
549         0.215423E+02
550         0.119707E+03
551         0.170512E+02
552         0.152463E+02
553         0.428084E+02
554         0.275217E+02
555         0.163569E+02
556         0.260895E+02
557         0.774741E+02
558         0.174980E+02
559         0.156103E+02
560         0.421718E+02
561         0.279647E+02
562         0.136987E+02
563         0.154335E+02
564         0.679816E+02
565         0.227484E+02
566         0.147254E+02
567         0.267499E+02
568         0.391925E+02
569         0.140224E+02
570         0.160901E+02
571         0.863560E+02
572         0.208880E+02
573         0.137462E+02
574         0.229049E+02
575         0.713181E+02
576         0.160674E+02
577         0.150462E+02
578         0.493221E+02
579         0.228134E+02
580         0.139596E+02
581         0.210215E+02
582         0.173662E+03
583         0.173816E+02
584         0.142097E+02
585         0.311829E+02
586         0.312124E+02
587         0.150119E+02
588         0.234277E+02
589         0.793899E+02
590         0.167407E+02
591         0.141948E+02
592         0.270769E+02
593         0.484152E+02
594         0.155120E+02
595         0.155420E+02
596         0.568599E+02
597         0.243574E+02
598         0.153835E+02
599         0.303736E+02
600         0.349119E+02
601         0.142361E+02
602         0.175566E+02
603         0.274740E+03
604         0.191808E+02
605         0.154433E+02
606         0.382664E+02
607         0.318540E+02
608         0.148096E+02
609         0.181908E+02
610         0.272940E+03
611         0.200434E+02
612         0.137514E+02
613         0.203425E+02
614         0.248269E+03
615         0.186101E+02
616         0.147070E+02
617         0.276755E+02
618         0.412859E+02
619         0.152881E+02
620         0.173351E+02
621         0.298698E+03
622         0.196808E+02
623         0.149618E+02
624         0.388072E+02
625         0.245616E+02
626         0.142611E+02
627         0.239109E+02
628         0.476612E+02
629         0.144617E+02
630         0.137932E+02
631         0.336520E+02
632         0.332991E+02
633         0.146190E+02
634         0.208831E+02
635         0.616580E+02
636         0.148107E+02
637         0.170415E+02
638         0.428556E+03
639         0.162153E+02
640         0.127834E+02
641         0.302969E+02
642         0.246571E+02
643         0.123828E+02
644         0.165747E+02
645         0.459575E+03
646         0.154072E+02
647         0.120196E+02
648         0.217976E+02
649         0.485936E+02
650         0.135468E+02
651         0.131422E+02
652         0.432011E+02
653         0.214292E+02
654         0.131789E+02
655         0.260603E+02
656         0.326525E+02
657         0.122690E+02
658         0.134439E+02
659         0.591559E+02
660         0.184449E+02
661         0.123443E+02
662         0.237640E+02
663         0.300190E+02
664         0.112633E+02
665         0.118300E+02
666         0.592459E+02
667         0.154107E+02
668         0.113652E+02
669         0.291776E+02
670         0.214511E+02
671         0.101827E+02
672         0.118298E+02
673         0.595023E+02
674         0.158715E+02
675         0.937495E+01
676         0.134570E+02
677         0.204211E+03
678         0.132414E+02
679         0.113731E+02
680         0.341591E+02
681         0.180392E+02
682         0.939023E+01
683         0.113173E+02
684         0.756870E+02
685         0.159368E+02
686         0.939942E+01
687         0.121215E+02
688         0.361109E+03
689         0.113597E+02
690         0.971587E+01
691         0.252402E+02
692         0.193445E+02
693         0.952493E+01
694         0.114709E+02
695         0.130638E+03
696         0.133514E+02
697         0.109776E+02
698         0.340304E+02
699         0.176053E+02
700         0.104873E+02
701         0.166452E+02
702         0.490117E+02
703         0.120809E+02
704         0.122726E+02
705         0.993202E+02
706         0.140917E+02
707         0.100132E+02
708         0.176075E+02
709         0.414497E+02
710         0.113531E+02
711         0.115502E+02
712         0.668740E+02
713         0.147284E+02
714         0.108600E+02
715         0.216796E+02
716         0.281197E+02
717         0.103755E+02
718         0.104846E+02
719         0.279206E+02
720         0.218984E+02
721         0.110926E+02
722         0.147989E+02
723         0.195987E+03
724         0.129133E+02
725         0.116611E+02
726         0.471994E+02
727         0.161186E+02
728         0.104608E+02
729         0.210402E+02
730         0.242451E+02
731         0.994899E+01
732         0.111101E+02
733         0.472665E+02
734         0.167914E+02
735         0.961319E+01
736         0.122191E+02
737         0.226500E+03
738         0.133819E+02
739         0.104825E+02
740         0.278624E+02
741         0.200532E+02
742         0.106163E+02
743         0.193927E+02
744         0.277368E+02
745         0.100310E+02
746         0.103009E+02
747         0.333018E+02
748         0.156186E+02
749         0.841989E+01
750         0.941418E+01
751         0.486791E+02
752         0.124349E+02
753         0.923251E+01
754         0.222489E+02
755         0.167417E+02
756         0.826363E+01
757         0.965401E+01
758         0.545550E+02
759         0.125536E+02
760         0.891653E+01
761         0.184242E+02
762         0.209386E+02
763         0.863486E+01
764         0.102159E+02
765         0.199654E+03
766         0.101792E+02
767         0.854399E+01
768         0.269226E+02
769         0.135526E+02
770         0.744829E+01
771         0.967859E+01
772         0.677186E+02
773         0.127628E+02
774         0.887143E+01
775         0.177754E+02
776         0.179940E+02
777         0.855634E+01
778         0.124969E+02
779         0.897369E+02
780         0.110360E+02
781         0.941342E+01
782         0.221756E+02
783         0.185937E+02
784         0.863903E+01
785         0.114200E+02
786         0.244113E+03
787         0.104935E+02
788         0.803825E+01
789         0.127506E+02
790         0.392561E+02
791         0.914227E+01
792         0.101001E+02
793         0.198804E+03
794         0.979343E+01
795         0.795438E+01
796         0.147700E+02
797         0.329005E+02
798         0.955883E+01
799         0.102582E+02
800         0.778079E+02
801         0.120573E+02
802         0.849896E+01
803         0.147201E+02
804         0.335648E+02
805         0.987252E+01
806         0.118587E+02
807         0.482532E+03
808         0.113386E+02
809         0.879070E+01
810         0.153163E+02
811         0.298282E+02
812         0.101430E+02
813         0.142441E+02
814         0.457768E+02
815         0.971208E+01
816         0.876971E+01
817         0.196913E+02
818         0.200371E+02
819         0.949920E+01
820         0.119416E+02
821         0.153913E+03
822         0.131694E+02
823         0.896584E+01
824         0.126217E+02
825         0.196962E+03
826         0.116658E+02
827         0.922141E+01
828         0.258907E+02
829         0.165385E+02
830         0.915399E+01
831         0.120186E+02
832         0.101087E+03
833         0.137752E+02
834         0.986731E+01
835         0.185449E+02
836         0.277826E+02
837         0.106468E+02
838         0.116129E+02
839         0.324875E+02
840         0.231139E+02
841         0.114803E+02
842         0.165681E+02
843         0.449163E+02
844         0.118477E+02
845         0.120074E+02
846         0.379539E+02
847         0.200766E+02
848         0.114560E+02
849         0.171265E+02
850         0.510919E+02
851         0.121582E+02
852         0.118437E+02
853         0.372856E+02
854         0.174789E+02
855         0.115250E+02
856         0.278274E+02
857         0.223194E+02
858         0.117075E+02
859         0.146066E+02
860         0.708309E+03
861         0.151760E+02
862         0.134816E+02
863         0.465486E+02
864         0.222644E+02
865         0.118017E+02
866         0.133563E+02
867         0.558936E+02
868         0.192951E+02
869         0.134067E+02
870         0.308075E+02
871         0.278472E+02
872         0.132211E+02
873         0.180366E+02
874         0.751282E+02
875         0.137137E+02
876         0.125631E+02
877         0.380461E+02
878         0.229817E+02
879         0.117411E+02
880         0.137369E+02
881         0.150628E+03
882         0.160450E+02
883         0.123004E+02
884         0.308431E+02
885         0.240766E+02
886         0.108989E+02
887         0.128840E+02
888         0.123182E+03
889         0.154342E+02
890         0.120472E+02
891         0.298843E+02
892         0.257732E+02
893         0.116595E+02
894         0.120002E+02
895         0.233711E+02
896         0.413982E+02
897         0.128015E+02
898         0.130968E+02
899         0.576705E+02
900         0.175873E+02
901         0.116293E+02
902         0.192397E+02
903         0.395644E+02
904         0.125308E+02
905         0.157644E+02
906         0.172304E+03
907         0.134425E+02
908         0.952810E+01
909         0.123705E+02
910         0.777502E+02
911         0.170452E+02
912         0.108186E+02
913         0.155026E+02
914         0.655723E+02
915         0.121500E+02
916         0.129061E+02
917         0.684811E+02
918         0.174599E+02
919         0.115593E+02
920         0.203789E+02
921         0.336690E+02
922         0.110195E+02
923         0.108391E+02
924         0.373597E+02
925         0.175436E+02
926         0.114200E+02
927         0.247562E+02
928         0.231280E+02
929         0.100496E+02
930         0.100681E+02
931         0.247160E+02
932         0.216882E+02
933         0.103938E+02
934         0.134243E+02
935         0.130428E+03
936         0.116352E+02
937         0.873799E+01
938         0.143373E+02
939         0.728094E+02
940         0.116416E+02
941         0.971227E+01
942         0.200227E+02
943         0.224333E+02
944         0.980776E+01
945         0.115855E+02
946         0.689921E+02
947         0.153269E+02
948         0.104190E+02
949         0.259741E+02
950         0.182520E+02
951         0.948939E+01
952         0.111444E+02
953         0.156022E+03
954         0.117939E+02
955         0.103550E+02
956         0.361814E+02
957         0.156660E+02
958         0.827599E+01
959         0.103720E+02
960         0.126280E+03
961         0.115209E+02
962         0.872735E+01
963         0.183013E+02
964         0.213707E+02
965         0.978325E+01
966         0.135707E+02
967         0.466424E+02
968         0.957395E+01
969         0.792754E+01
970         0.133365E+02
971         0.688472E+02
972         0.109826E+02
973         0.100262E+02
974         0.424505E+02
975         0.126590E+02
976         0.849868E+01
977         0.145811E+02
978         0.337207E+02
979         0.967890E+01
980         0.100829E+02
981         0.618149E+02
982         0.127442E+02
983         0.815645E+01
984         0.130884E+02
985         0.369618E+02
986         0.937904E+01
987         0.973166E+01
988         0.751670E+02
989         0.118749E+02
990         0.847491E+01
991         0.172562E+02
992         0.240379E+02
993         0.955114E+01
994         0.112151E+02
995         0.629820E+03
996         0.114671E+02
997         0.995539E+01
998         0.255016E+02
999         0.168709E+02
1000         0.879881E+01
1001         0.115485E+02
1002         0.732420E+02
1003         0.968776E+01
1004         0.953452E+01
1005         0.496121E+02
1006         0.130727E+02
1007         0.754052E+01
1008         0.895889E+01
1009         0.874154E+02
1010         0.107044E+02
1011         0.829344E+01
1012         0.141224E+02
1013         0.393518E+02
1014         0.885301E+01
1015         0.724570E+01
1016         0.140670E+02
1017         0.242661E+02
1018         0.880774E+01
1019         0.106696E+02
1020         0.168506E+04
1021         0.101288E+02
1022         0.858416E+01
1023         0.233144E+02
1024         0.151868E+02
1025         0.833175E+01
1026         0.122436E+02
1027         0.614230E+02
1028         0.972472E+01
1029         0.922383E+01
1030         0.348606E+02
1031         0.138296E+02
1032         0.782913E+01
1033         0.107415E+02
1034         0.461887E+02
1035         0.880741E+01
1036         0.895750E+01
1037         0.325590E+02
1038         0.156757E+02
1039         0.825240E+01
1040         0.987027E+01
1041         0.357412E+03
1042         0.100855E+02
1043         0.714070E+01
1044         0.950155E+01
1045         0.113590E+03
1046         0.105766E+02
1047         0.677862E+01
1048         0.912203E+01
1049         0.777825E+02
1050         0.824651E+01
1051         0.659803E+01
1052         0.108579E+02
1053         0.321376E+02
1054         0.774648E+01
1055         0.772336E+01
1056         0.438883E+02
1057         0.930333E+01
1058         0.638965E+01
1059         0.111283E+02
1060         0.202823E+02
1061         0.718193E+01
1062         0.971041E+01
1063         0.665984E+02
1064         0.800450E+01
1065         0.723834E+01
1066         0.293062E+02
1067         0.943467E+01
1068         0.575872E+01
1069         0.658099E+01
1070         0.202373E+02
1071         0.112103E+02
1072         0.632424E+01
1073         0.103367E+02
1074         0.263406E+02
1075         0.668673E+01
1076         0.665366E+01
1077         0.453862E+02
1078         0.784262E+01
1079         0.551350E+01
1080         0.837811E+01
1081         0.956236E+02
1082         0.779918E+01
1083         0.640137E+01
1084         0.213564E+02
1085         0.104261E+02
1086         0.633900E+01
1087         0.109526E+02
1088         0.221632E+02
1089         0.708164E+01
1090         0.866876E+01
1091         0.168028E+03
1092         0.801965E+01
1093         0.729719E+01
1094         0.191749E+02
1095         0.143005E+02
1096         0.733709E+01
1097         0.967734E+01
1098         0.534146E+03
1099         0.101957E+02
1100         0.696956E+01
1101         0.100445E+02
1102         0.409493E+02
1103         0.801172E+01
1104         0.864569E+01
1105         0.111205E+03
1106         0.105402E+02
1107         0.815850E+01
1108         0.162625E+02
1109         0.227060E+02
1110         0.826517E+01
1111         0.990431E+01
1112         0.448639E+03
1113         0.100087E+02
1114         0.790672E+01
1115         0.145413E+02
1116         0.303288E+02
1117         0.975934E+01
1118         0.100437E+02
1119         0.151766E+03
1120         0.981615E+01
1121         0.701521E+01
1122         0.123084E+02
1123         0.211842E+02
1124         0.744283E+01
1125         0.808491E+01
1126         0.346322E+02
1127         0.124565E+02
1128         0.832787E+01
1129         0.164949E+02
1130         0.164514E+02
1131         0.723086E+01
1132         0.877819E+01
1133         0.151981E+03
1134         0.101490E+02
1135         0.830667E+01
1136         0.152944E+02
1137         0.271613E+02
1138         0.883539E+01
1139         0.111838E+02
1140         0.132577E+03
1141         0.107013E+02
1142         0.103845E+02
1143         0.391496E+02
1144         0.151983E+02
1145         0.938926E+01
1146         0.154203E+02
1147         0.385895E+02
1148         0.105570E+02
1149         0.113262E+02
1150         0.107377E+03
1151         0.131632E+02
1152         0.101665E+02
1153         0.172345E+02
1154         0.530437E+02
1155         0.114270E+02
1156         0.962112E+01
1157         0.205507E+02
1158         0.235304E+02
1159         0.943046E+01
1160         0.118115E+02
1161         0.218310E+03
1162         0.107991E+02
1163         0.104254E+02
1164         0.588008E+02
1165         0.138596E+02
1166         0.839016E+01
1167         0.123302E+02
1168         0.469138E+02
1169         0.985826E+01
1170         0.118515E+02
1171         0.923191E+02
1172         0.970565E+01
1173         0.800743E+01
1174         0.168432E+02
1175         0.196027E+02
1176         0.815297E+01
1177         0.878681E+01
1178         0.515735E+02
1179         0.113046E+02
1180         0.928900E+01
1181         0.262306E+02
1182         0.178517E+02
1183         0.806667E+01
1184         0.960725E+01
1185         0.844290E+02
1186         0.827116E+01
1187         0.731918E+01
1188         0.159059E+02
1189         0.167505E+02
1190         0.741175E+01
1191         0.103263E+02
1192         0.440835E+02
1193         0.798397E+01
1194         0.721659E+01
1195         0.277243E+02
1196         0.905405E+01
1197         0.573353E+01
1198         0.898549E+01
1199         0.491199E+02
1200         0.704396E+01
1201         0.520182E+01
1202         0.889391E+01
1203         0.209075E+02
1204         0.613350E+01
1205         0.681338E+01
1206         0.464338E+02
1207         0.781479E+01
1208         0.600683E+01
1209         0.187037E+02
1210         0.100577E+02
1211         0.512142E+01
1212         0.695543E+01
1213         0.124967E+03
1214         0.690518E+01
1215         0.583588E+01
1216         0.132507E+02
1217         0.135673E+02
1218         0.575942E+01
1219         0.710957E+01
1220         0.132034E+05
1221         0.685796E+01
1222         0.578150E+01
1223         0.184272E+02
1224         0.105653E+02
1225         0.575920E+01
1226         0.779776E+01
1227         0.621957E+02
1228         0.653134E+01
1229         0.564596E+01
1230         0.144584E+02
1231         0.109522E+02
1232         0.589934E+01
1233         0.908122E+01
1234         0.318781E+02
1235         0.674718E+01
1236         0.562636E+01
1237         0.152722E+02
1238         0.922896E+01
1239         0.543869E+01
1240         0.624439E+01
1241         0.272520E+02
1242         0.855191E+01
1243         0.573040E+01
1244         0.139180E+02
1245         0.112065E+02
1246         0.565148E+01
1247         0.740474E+01
1248         0.377652E+02
1249         0.583945E+01
1250         0.461902E+01
1251         0.763455E+01
1252         0.255299E+02
1253         0.570556E+01
1254         0.620856E+01
1255         0.439247E+02
1256         0.728823E+01
1257         0.511524E+01
1258         0.878909E+01
1259         0.203402E+02
1260         0.649835E+01
1261         0.728926E+01
1262         0.330379E+02
1263         0.978665E+01
1264         0.635398E+01
1265         0.105317E+02
1266         0.253500E+02
1267         0.698600E+01
1268         0.624425E+01
1269         0.121093E+02
1270         0.197844E+02
1271         0.711548E+01
1272         0.766999E+01
1273         0.468593E+02
1274         0.956187E+01
1275         0.568349E+01
1276         0.892045E+01
1277         0.182860E+02
1278         0.607264E+01
1279         0.775188E+01
1280         0.317746E+03
1281         0.736327E+01
1282         0.686268E+01
1283         0.370428E+02
1284         0.846458E+01
1285         0.488195E+01
1286         0.723206E+01
1287         0.241686E+02
1288         0.517621E+01
1289         0.481838E+01
1290         0.114678E+02
1291         0.116219E+02
1292         0.485060E+01
1293         0.577292E+01
1294         0.130778E+03
1295         0.524250E+01
1296         0.413885E+01
1297         0.113491E+02
1298         0.703749E+01
1299         0.380830E+01
1300         0.445870E+01
1301         0.284484E+02
1302         0.579871E+01
1303         0.463189E+01
1304         0.103199E+02
1305         0.106049E+02
1306         0.461472E+01
1307         0.592859E+01
1308         0.375243E+02
1309         0.508081E+01
1310         0.494000E+01
1311         0.137426E+02
1312         0.893447E+01
1313         0.483485E+01
1314         0.735058E+01
1315         0.408810E+02
1316         0.551837E+01
1317         0.419906E+01
1318         0.630875E+01
1319         0.838936E+02
1320         0.609345E+01
1321         0.493394E+01
1322         0.113139E+02
1323         0.103955E+02
1324         0.462801E+01
1325         0.501325E+01
1326         0.499490E+02
1327         0.538273E+01
1328         0.432490E+01
1329         0.876676E+01
1330         0.153216E+02
1331         0.565568E+01
1332         0.823072E+01
1333         0.196294E+02
1334         0.546319E+01
1335         0.538440E+01
1336         0.151846E+02
1337         0.945133E+01
1338         0.501169E+01
1339         0.639726E+01
1340         0.728620E+02
1341         0.783344E+01
1342         0.555658E+01
1343         0.128186E+02
1344         0.116546E+02
1345         0.492225E+01
1346         0.490806E+01
1347         0.181169E+02
1348         0.721553E+01
1349         0.463469E+01
1350         0.843254E+01
1351         0.173671E+02
1352         0.535548E+01
1353         0.627737E+01
1354         0.843547E+02
1355         0.574993E+01
1356         0.493962E+01
1357         0.135254E+02
1358         0.802534E+01
1359         0.377595E+01
1360         0.385392E+01
1361         0.104978E+02
1362         0.731756E+01
1363         0.421018E+01
1364         0.948664E+01
1365         0.883984E+01
1366         0.409102E+01
1367         0.515763E+01
1368         0.503596E+02
1369         0.477813E+01
1370         0.418721E+01
1371         0.766100E+01
1372         0.150624E+02
1373         0.485179E+01
1374         0.531452E+01
1375         0.250174E+02
1376         0.749210E+01
1377         0.494902E+01
1378         0.110729E+02
1379         0.999435E+01
1380         0.431857E+01
1381         0.459156E+01
1382         0.205716E+02
1383         0.617383E+01
1384         0.410307E+01
1385         0.575767E+01
1386         0.114041E+03
1387         0.579459E+01
1388         0.582750E+01
1389         0.776976E+02
1390         0.602830E+01
1391         0.447848E+01
1392         0.924143E+01
1393         0.865800E+01
1394         0.416387E+01
1395         0.609411E+01
1396         0.323778E+02
1397         0.521995E+01
1398         0.532094E+01
1399         0.306274E+02
1400         0.679800E+01
1401         0.510910E+01
1402         0.109181E+02
1403         0.112206E+02
1404         0.441702E+01
1405         0.522615E+01
1406         0.586371E+02
1407         0.619548E+01
1408         0.447076E+01
1409         0.752300E+01
1410         0.182747E+02
1411         0.513874E+01
1412         0.500008E+01
1413         0.148282E+02
1414         0.931292E+01
1415         0.462016E+01
1416         0.548066E+01
1417         0.612461E+02
1418         0.654811E+01
1419         0.495420E+01
1420         0.119182E+02
1421         0.101240E+02
1422         0.482551E+01
1423         0.497470E+01
1424         0.304012E+02
1425         0.582707E+01
1426         0.389996E+01
1427         0.525023E+01
1428         0.123201E+03
1429         0.514796E+01
1430         0.436116E+01
1431         0.782324E+01
1432         0.224907E+02
1433         0.540692E+01
1434         0.619192E+01
1435         0.281130E+02
1436         0.930450E+01
1437         0.603738E+01
1438         0.135943E+02
1439         0.124346E+02
1440         0.571877E+01
1441         0.678784E+01
1442         0.495324E+02
1443         0.790079E+01
1444         0.551292E+01
1445         0.107647E+02
1446         0.152661E+02
1447         0.565071E+01
1448         0.594556E+01
1449         0.335848E+02
1450         0.771071E+01
1451         0.483493E+01
1452         0.515638E+01
1453         0.117882E+02
1454         0.136770E+02
1455         0.584168E+01
1456         0.784925E+01
1457         0.554354E+02
1458         0.633350E+01
1459         0.595269E+01
1460         0.344644E+02
1461         0.805947E+01
1462         0.516423E+01
1463         0.771917E+01
1464         0.208503E+02
1465         0.525890E+01
1466         0.492796E+01
1467         0.104369E+02
1468         0.123804E+02
1469         0.591129E+01
1470         0.100324E+02
1471         0.189865E+02
1472         0.556677E+01
1473         0.538457E+01
1474         0.552921E+02
1475         0.584881E+01
1476         0.438508E+01
1477         0.979366E+01
1478         0.814962E+01
1479         0.381948E+01
1480         0.442143E+01
1481         0.195983E+02
1482         0.610547E+01
1483         0.392289E+01
1484         0.759510E+01
1485         0.108092E+02
1486         0.397493E+01
1487         0.391565E+01
1488         0.173312E+02
1489         0.505089E+01
1490         0.323574E+01
1491         0.588085E+01
1492         0.101205E+02
1493         0.344294E+01
1494         0.379582E+01
1495         0.140354E+02
1496         0.630692E+01
1497         0.392935E+01
1498         0.878607E+01
1499         0.748283E+01
1500         0.344087E+01
1501         0.406840E+01
1502         0.393618E+02
1503         0.442091E+01
1504         0.332832E+01
1505         0.748051E+01
1506         0.766533E+01
1507         0.362666E+01
1508         0.496321E+01
1509         0.126346E+03
1510         0.469058E+01
1511         0.363823E+01
1512         0.851691E+01
1513         0.670252E+01
1514         0.338471E+01
1515         0.385670E+01
1516         0.496432E+02
1517         0.413212E+01
1518         0.312064E+01
1519         0.635645E+01
1520         0.812084E+01
1521         0.347986E+01
1522         0.450459E+01
1523         0.127978E+04
1524         0.461128E+01
1525         0.373081E+01
1526         0.135782E+02
1527         0.499781E+01
1528         0.293827E+01
1529         0.374667E+01
1530         0.492365E+02
1531         0.416547E+01
1532         0.292746E+01
1533         0.450157E+01
1534         0.537408E+02
1535         0.449360E+01
1536         0.460557E+01
1537         0.110536E+03
1538         0.409494E+01
1539         0.295794E+01
1540         0.432885E+01
1541         0.593747E+02
1542         0.400110E+01
1543         0.313720E+01
1544         0.474842E+01
1545         0.206752E+02
1546         0.369209E+01
1547         0.375277E+01
1548         0.103644E+02
1549         0.861801E+01
1550         0.402912E+01
1551         0.588357E+01
1552         0.175013E+02
1553         0.425623E+01
1554         0.328875E+01
1555         0.454348E+01
1556         0.251015E+03
1557         0.468766E+01
1558         0.365258E+01
1559         0.552077E+01
1560         0.257743E+02
1561         0.465979E+01
1562         0.594332E+01
1563         0.290073E+02
1564         0.449803E+01
1565         0.340927E+01
1566         0.636257E+01
1567         0.106958E+02
1568         0.359535E+01
1569         0.327196E+01
1570         0.932167E+01
1571         0.611068E+01
1572         0.346936E+01
1573         0.418380E+01
1574         0.201461E+02
1575         0.602338E+01
1576         0.375678E+01
1577         0.671177E+01
1578         0.106177E+02
1579         0.345465E+01
1580         0.356631E+01
1581         0.137816E+02
1582         0.496026E+01
1583         0.315880E+01
1584         0.502244E+01
1585         0.155877E+02
1586         0.390245E+01
1587         0.387233E+01
1588         0.142623E+02
1589         0.600750E+01
1590         0.361727E+01
1591         0.574328E+01
1592         0.114296E+02
1593         0.324143E+01
1594         0.383420E+01
1595         0.265923E+03
1596         0.356879E+01
1597         0.256215E+01
1598         0.335379E+01
1599         0.176509E+03
1600         0.374296E+01
1601         0.295879E+01
1602         0.566986E+01
1603         0.956491E+01
1604         0.337374E+01
1605         0.385340E+01
1606         0.277347E+03
1607         0.371690E+01
1608         0.331689E+01
1609         0.178519E+02
1610         0.443441E+01
1611         0.285274E+01
1612         0.425438E+01
1613         0.149201E+02
1614         0.297899E+01
1615         0.258345E+01
1616         0.428013E+01
1617         0.133299E+02
1618         0.320887E+01
1619         0.345346E+01
1620         0.110561E+02
1621         0.614208E+01
1622         0.374825E+01
1623         0.893943E+01
1624         0.707544E+01
1625         0.316363E+01
1626         0.328458E+01
1627         0.111348E+03
1628         0.341201E+01
1629         0.248470E+01
1630         0.326193E+01
1631         0.305576E+02
1632         0.361318E+01
1633         0.246506E+01
1634         0.395580E+01
1635         0.162170E+02
1636         0.308272E+01
1637         0.310408E+01
1638         0.154870E+02
1639         0.352551E+01
1640         0.197892E+01
1641         0.241840E+01
1642         0.138985E+02
1643         0.306443E+01
1644         0.215339E+01
1645         0.532338E+01
1646         0.396166E+01
1647         0.212861E+01
1648         0.250723E+01
1649         0.955976E+01
1650         0.367570E+01
1651         0.256358E+01
1652         0.616819E+01
1653         0.463583E+01
1654         0.215478E+01
1655         0.248441E+01
1656         0.160613E+02
1657         0.279116E+01
1658         0.188345E+01
1659         0.320111E+01
1660         0.670297E+01
1661         0.200468E+01
1662         0.210216E+01
1663         0.992401E+01
1664         0.298381E+01
1665         0.229708E+01
1666         0.724084E+01
1667         0.369726E+01
1668         0.196976E+01
1669         0.320388E+01
1670         0.951844E+01
1671         0.229737E+01
1672         0.229436E+01
1673         0.109729E+02
1674         0.350154E+01
1675         0.218770E+01
1676         0.272586E+01
1677         0.604249E+02
1678         0.308100E+01
1679         0.282967E+01
1680         0.713045E+01
1681         0.684793E+01
1682         0.305989E+01
1683         0.391514E+01
1684         0.102762E+03
1685         0.387200E+01
1686         0.267432E+01
1687         0.395848E+01
1688         0.455320E+02
1689         0.385074E+01
1690         0.328331E+01
1691         0.947454E+01
1692         0.568389E+01
1693         0.310620E+01
1694         0.338428E+01
1695         0.984704E+01
1696         0.758081E+01
1697         0.413976E+01
1698         0.699107E+01
1699         0.151197E+02
1700         0.416176E+01
1701         0.416986E+01
1702         0.135681E+02
1703         0.747913E+01
1704         0.373682E+01
1705         0.487361E+01
1706         0.152205E+03
1707         0.482555E+01
1708         0.459121E+01
1709         0.156925E+02
1710         0.833521E+01
1711         0.492439E+01
1712         0.734966E+01
1713         0.264768E+02
1714         0.557496E+01
1715         0.652152E+01
1716         0.121101E+03
1717         0.699671E+01
1718         0.536053E+01
1719         0.137361E+02
1720         0.101341E+02
1721         0.468030E+01
1722         0.488170E+01
1723         0.197696E+02
1724         0.809728E+01
1725         0.518649E+01
1726         0.833375E+01
1727         0.212839E+02
1728         0.603849E+01
1729         0.638432E+01
1730         0.306234E+02
1731         0.871264E+01
1732         0.647698E+01
1733         0.162883E+02
1734         0.132437E+02
1735         0.562932E+01
1736         0.620823E+01
1737         0.267429E+02
1738         0.943101E+01
1739         0.590927E+01
1740         0.821400E+01
1741         0.598949E+02
1742         0.769819E+01
1743         0.647419E+01
1744         0.141620E+02
1745         0.144584E+02
1746         0.738621E+01
1747         0.103434E+02
1748         0.351751E+03
1749         0.985297E+01
1750         0.929030E+01
1751         0.556146E+02
1752         0.102923E+02
1753         0.706376E+01
1754         0.137199E+02
1755         0.164157E+02
1756         0.661092E+01
1757         0.825170E+01
1758         0.419323E+02
1759         0.669229E+01
1760         0.526032E+01
1761         0.908140E+01
1762         0.143502E+02
1763         0.526280E+01
1764         0.583353E+01
1765         0.176638E+02
1766         0.126816E+02
1767         0.576487E+01
1768         0.811046E+01
1769         0.242584E+02
1770         0.551150E+01
1771         0.578371E+01
1772         0.154739E+03
1773         0.600015E+01
1774         0.402295E+01
1775         0.523925E+01
1776         0.521780E+03
1777         0.522555E+01
1778         0.398695E+01
1779         0.722350E+01
1780         0.113254E+02
1781         0.411350E+01
1782         0.445393E+01
1783         0.152509E+02
1784         0.802778E+01
1785         0.469341E+01
1786         0.840226E+01
1787         0.116073E+02
1788         0.409576E+01
1789         0.442140E+01
1790         0.177306E+03
1791         0.473251E+01
1792         0.358447E+01
1793         0.780052E+01
1794         0.726960E+01
1795         0.328566E+01
1796         0.389630E+01
1797         0.551962E+02
1798         0.409105E+01
1799         0.347984E+01
1800         0.818940E+01
1801         0.890901E+01
1802         0.368749E+01
1803         0.613142E+01
1804         0.111232E+02
1805         0.347521E+01
1806         0.362122E+01
1807         0.835498E+02
1808         0.376008E+01
1809         0.265880E+01
1810         0.447443E+01
1811         0.821810E+01
1812         0.257214E+01
1813         0.228876E+01
1814         0.474754E+01
1815         0.484835E+01
1816         0.231753E+01
1817         0.322126E+01
1818         0.131007E+02
1819         0.240235E+01
1820         0.266957E+01
1821         0.640748E+02
1822         0.263896E+01
1823         0.204329E+01
1824         0.721465E+01
1825         0.330680E+01
1826         0.199926E+01
1827         0.368732E+01
1828         0.461316E+01
1829         0.175472E+01
1830         0.182344E+01
1831         0.105037E+02
1832         0.221134E+01
1833         0.167449E+01
1834         0.340665E+01
1835         0.429927E+01
1836         0.158224E+01
1837         0.178236E+01
1838         0.633476E+01
1839         0.314458E+01
1840         0.197500E+01
1841         0.451678E+01
1842         0.408139E+01
1843         0.190720E+01
1844         0.245814E+01
1845         0.211292E+02
1846         0.208750E+01
1847         0.174192E+01
1848         0.638135E+01
1849         0.229117E+01
1850         0.141315E+01
1851         0.185003E+01
1852         0.184453E+02
1853         0.161595E+01
1854         0.126508E+01
1855         0.165001E+01
1856         0.152697E+02
1857         0.181653E+01
1858         0.135218E+01
1859         0.214148E+01
1860         0.985965E+01
1861         0.166334E+01
1862         0.154294E+01
1863         0.358253E+01
1864         0.416776E+01
1865         0.167716E+01
1866         0.219354E+01
1867         0.305410E+02
1868         0.204214E+01
1869         0.173336E+01
1870         0.468788E+01
1871         0.374121E+01
1872         0.163546E+01
1873         0.139980E+01
1874         0.239397E+01
1875         0.588610E+01
1876         0.148871E+01
1877         0.131360E+01
1878         0.331151E+01
1879         0.281051E+01
1880         0.140628E+01
1881         0.190267E+01
1882         0.104456E+02
1883         0.166412E+01
1884         0.167513E+01
1885         0.523648E+01
1886         0.245467E+01
1887         0.164161E+01
1888         0.410461E+01
1889         0.323830E+01
1890         0.140666E+01
1891         0.165200E+01
1892         0.358699E+02
1893         0.156914E+01
1894         0.104543E+01
1895         0.153328E+01
1896         0.472088E+01
1897         0.110708E+01
1898         0.100392E+01
1899         0.308397E+01
1900         0.152870E+01
1901         0.929405E+00
1902         0.112886E+01
1903         0.117318E+02
1904         0.121062E+01
1905         0.800037E+00
1906         0.920178E+00
1907         0.569473E+01
1908         0.124827E+01
1909         0.909391E+00
1910         0.154791E+01
1911         0.383722E+01
1912         0.105436E+01
1913         0.125842E+01
1914         0.220960E+02
1915         0.127764E+01
1916         0.103139E+01
1917         0.209635E+01
1918         0.356086E+01
1919         0.114291E+01
1920         0.139508E+01
1921         0.132409E+02
1922         0.122807E+01
1923         0.904794E+00
1924         0.246481E+01
1925         0.163161E+01
1926         0.889204E+00
1927         0.118232E+01
1928         0.569411E+01
1929         0.978111E+00
1930         0.950170E+00
1931         0.465769E+01
1932         0.123164E+01
1933         0.852911E+00
1934         0.131448E+01
1935         0.100946E+02
1936         0.114086E+01
1937         0.110027E+01
1938         0.419289E+01
1939         0.178164E+01
1940         0.112534E+01
1941         0.216590E+01
1942         0.384239E+01
1943         0.119113E+01
1944         0.119486E+01
1945         0.866608E+01
1946         0.137435E+01
1947         0.875222E+00
1948         0.111892E+01
1949         0.118385E+02
1950         0.103508E+01
1951         0.852509E+00
1952         0.167032E+01
1953         0.183378E+01
1954         0.772503E+00
1955         0.792819E+00
1956         0.284178E+01
1957         0.120669E+01
1958         0.857313E+00
1959         0.127229E+01
1960         0.544757E+01
1961         0.102541E+01
1962         0.969417E+00
1963         0.210514E+01
1964         0.280173E+01
1965         0.107570E+01
1966         0.146029E+01
1967         0.314849E+02
1968         0.131832E+01
1969         0.112685E+01
1970         0.719544E+01
1971         0.140430E+01
1972         0.975157E+00
1973         0.235167E+01
1974         0.178673E+01
1975         0.822823E+00
1976         0.973385E+00
1977         0.760409E+01
1978         0.734023E+00
1979         0.488310E+00
1980         0.483073E+00
1981         0.155306E+01
1982         0.745710E+00
1983         0.406235E+00
1984         0.407065E+00
1985         0.147082E+01
1986         0.593774E+00
1987         0.324643E+00
1988         0.475530E+00
1989         0.127021E+01
1990         0.327497E+00
1991         0.272007E+00
1992         0.457737E+00
1993         0.110628E+01
1994         0.286059E+00
1995         0.290197E+00
1996         0.127685E+01
1997         0.377940E+00
1998         0.259088E+00
1999         0.391456E+00
2000         0.854405E+01
2001         0.353777E+00
2002         0.277250E+00
2003         0.468275E+00
2004         0.233831E+01
2005         0.394273E+00
2006         0.372608E+00
2007         0.106419E+01
2008         0.718068E+00
2009         0.390358E+00
2010         0.682784E+00
2011         0.168012E+01
2012         0.426661E+00
2013         0.539870E+00
2014         0.176527E+01
2015         0.382024E+00
2016         0.351713E+00
2017         0.162004E+01
2018         0.459769E+00
2019         0.282393E+00
2020         0.472734E+00
2021         0.749526E+00
2022         0.269343E+00
2023         0.316204E+00
2024         0.238642E+01
2025         0.339240E+00
2026         0.230312E+00
2027         0.395271E+00
2028         0.110250E+01
2029         0.274002E+00
2030         0.283649E+00
2031         0.111803E+01
2032         0.432275E+00
2033         0.260248E+00
2034         0.470866E+00
2035         0.149600E+01
2036         0.342850E+00
2037         0.316542E+00
2038         0.578619E+01
2039         0.318038E+00
2040         0.256973E+00
2041         0.170971E+01
2042         0.269630E+00
2043         0.190238E+00
2044         0.345996E+00
2045         0.722136E+00
2046         0.199869E+00
2047         0.173241E+00
2048         0.403805E+00
