1         0.779246E+01
2         0.257105E+01
3         0.835312E+00
4         0.268117E+00
5         0.881299E-01
6         0.292046E-01
7         0.956112E-02
8         0.312474E-02
9         0.989772E-03
10         0.324593E-03
11         0.106083E-03
12         0.344248E-04
13         0.110849E-04
14         0.363044E-05
15         0.117228E-05
16         0.378720E-06
17         0.123319E-06
18         0.391454E-07
19         0.128284E-07
20         0.404589E-08
21         0.134058E-08
22         0.446803E-09
23         0.147840E-09
24         0.476816E-10
25         0.149074E-10
26         0.474579E-11
27         0.152140E-11
28         0.490261E-12
29         0.158103E-12
30         0.513585E-13
31         0.167587E-13
32         0.554132E-14
33         0.181478E-14
34         0.575958E-15
35         0.179212E-15
36         0.560461E-16
37         0.186355E-16
38         0.602944E-17
39         0.195630E-17
40         0.641041E-18
41         0.203077E-18
42         0.647279E-19
43         0.201477E-19
44         0.644274E-20
45         0.210744E-20
46         0.683124E-21
47         0.220852E-21
48         0.713433E-22
49         0.230122E-22
50         0.737559E-23
51         0.233675E-23
52         0.768331E-24
53         0.249082E-24
54         0.801460E-25
55         0.270015E-25
56         0.904753E-26
57         0.295721E-26
58         0.999405E-27
59         0.327323E-27
60         0.105314E-27
61         0.335901E-28
62         0.111896E-28
63         0.373161E-29
64         0.123211E-29
65         0.407722E-30
66         0.130689E-30
67         0.407945E-31
68         0.130342E-31
69         0.403246E-32
70         0.125428E-32
71         0.395553E-33
72         0.127545E-33
73         0.415005E-34
74         0.132866E-34
75         0.429467E-35
76         0.136958E-35
77         0.430458E-36
78         0.138224E-36
79         0.439860E-37
80         0.137360E-37
81         0.433964E-38
82         0.137565E-38
83         0.429092E-39
84         0.139815E-39
85         0.444497E-40
86         0.140027E-40
87         0.430083E-41
88         0.136546E-41
89         0.435407E-42
90         0.133939E-42
91         0.419126E-43
92         0.131982E-43
93         0.420409E-44
94         0.134495E-44
95         0.418664E-45
96         0.132629E-45
97         0.437117E-46
98         0.140304E-46
99         0.443039E-47
100         0.142444E-47
101         0.453331E-48
102         0.140248E-48
103         0.450734E-49
104         0.143268E-49
105         0.460762E-50
106         0.145831E-50
107         0.454440E-51
108         0.138495E-51
109         0.447747E-52
110         0.141113E-52
111         0.434115E-53
112         0.132187E-53
113         0.416147E-54
114         0.130318E-54
115         0.406299E-55
116         0.125821E-55
117         0.396147E-56
118         0.120427E-56
119         0.378119E-57
120         0.120267E-57
121         0.378504E-58
122         0.119411E-58
123         0.376676E-59
124         0.120951E-59
125         0.382831E-60
126         0.120089E-60
127         0.379765E-61
128         0.119603E-61
129         0.371815E-62
130         0.117737E-62
131         0.369115E-63
132         0.111182E-63
133         0.344508E-64
134         0.109605E-64
135         0.343039E-65
136         0.108400E-65
137         0.333124E-66
138         0.102234E-66
139         0.316530E-67
140         0.100037E-67
141         0.317487E-68
142         0.992195E-69
143         0.320144E-69
144         0.104142E-69
145         0.332661E-70
146         0.105930E-70
147         0.333168E-71
148         0.104546E-71
149         0.330738E-72
150         0.101506E-72
151         0.302468E-73
152         0.941848E-74
153         0.291722E-74
154         0.885208E-75
155         0.263364E-75
156         0.792026E-76
157         0.245619E-76
158         0.788241E-77
159         0.251235E-77
160         0.790574E-78
161         0.243403E-78
162         0.745901E-79
163         0.227109E-79
164         0.704860E-80
165         0.215962E-80
166         0.670371E-81
167         0.204069E-81
168         0.634696E-82
169         0.194341E-82
170         0.615488E-83
171         0.191177E-83
172         0.582643E-84
173         0.184102E-84
174         0.550885E-85
175         0.166233E-85
176         0.512041E-86
177         0.162594E-86
178         0.516137E-87
179         0.159621E-87
180         0.516145E-88
181         0.157559E-88
182         0.495367E-89
183         0.157062E-89
184         0.490648E-90
185         0.155417E-90
186         0.495824E-91
187         0.168339E-91
188         0.578212E-92
189         0.192960E-92
190         0.627858E-93
191         0.206847E-93
192         0.641057E-94
193         0.204705E-94
194         0.641829E-95
195         0.207560E-95
196         0.668109E-96
197         0.208754E-96
198         0.625147E-97
199         0.190042E-97
200         0.571811E-98
201         0.173383E-98
202         0.534311E-99
203         0.168069E-99
204         0.517398E-100
205         0.162323E-100
206         0.485940E-101
207         0.149499E-101
208         0.473736E-102
209         0.146127E-102
210         0.480410E-103
211         0.155612E-103
212         0.508781E-104
213         0.164692E-104
214         0.552889E-105
215         0.185829E-105
216         0.595396E-106
217         0.190307E-106
218         0.591351E-107
219         0.182302E-107
220         0.563455E-108
221         0.174668E-108
222         0.563517E-109
223         0.176493E-109
224         0.549412E-110
225         0.172178E-110
226         0.525947E-111
227         0.164649E-111
228         0.507902E-112
229         0.153924E-112
230         0.468322E-113
231         0.141187E-113
232         0.428422E-114
233         0.129173E-114
234         0.388181E-115
235         0.118512E-115
236         0.375751E-116
237         0.116512E-116
238         0.368907E-117
239         0.121351E-117
240         0.412163E-118
241         0.134654E-118
242         0.431390E-119
243         0.135648E-119
244         0.416515E-120
245         0.128955E-120
246         0.395577E-121
247         0.119430E-121
248         0.376211E-122
249         0.114265E-122
250         0.337391E-123
251         0.104668E-123
252         0.325076E-124
253         0.998801E-125
254         0.319171E-125
255         0.100020E-125
256         0.307942E-126
257         0.899342E-127
258         0.268183E-127
259         0.784083E-128
260         0.231971E-128
261         0.671977E-129
262         0.202887E-129
263         0.653493E-130
264         0.214346E-130
265         0.694186E-131
266         0.229293E-131
267         0.758938E-132
268         0.243556E-132
269         0.772197E-133
270         0.243545E-133
271         0.731099E-134
272         0.219124E-134
273         0.671973E-135
274         0.203730E-135
275         0.637251E-136
276         0.193949E-136
277         0.599981E-137
278         0.178325E-137
279         0.549675E-138
280         0.166431E-138
281         0.503143E-139
282         0.156909E-139
283         0.465999E-140
284         0.139586E-140
285         0.423198E-141
286         0.126766E-141
287         0.384023E-142
288         0.117127E-142
289         0.354922E-143
290         0.109240E-143
291         0.330829E-144
292         0.107672E-144
293         0.349335E-145
294         0.111591E-145
295         0.355331E-146
296         0.114929E-146
297         0.362125E-147
298         0.116902E-147
299         0.378292E-148
300         0.114892E-148
301         0.344508E-149
302         0.104780E-149
303         0.325152E-150
