1         0.694991E+00
2         0.188806E-01
3         0.528459E-03
4         0.145392E-04
5         0.388768E-06
6         0.106514E-07
7         0.289910E-09
8         0.799308E-11
9         0.215278E-12
10         0.585851E-14
11         0.159149E-15
12         0.437041E-17
13         0.119202E-18
14         0.322887E-20
15         0.894160E-22
16         0.246199E-23
17         0.675947E-25
18         0.180546E-26
19         0.484676E-28
20         0.132366E-29
21         0.365185E-31
22         0.984373E-33
23         0.271662E-34
24         0.737188E-36
25         0.199842E-37
26         0.551482E-39
27         0.148131E-40
28         0.403882E-42
29         0.107750E-43
30         0.298114E-45
31         0.805198E-47
32         0.215023E-48
33         0.592707E-50
34         0.158952E-51
35         0.430566E-53
36         0.115994E-54
37         0.314638E-56
38         0.843119E-58
39         0.232249E-59
40         0.616547E-61
41         0.166904E-62
42         0.443319E-64
43         0.119697E-65
44         0.332916E-67
45         0.888944E-69
46         0.232925E-70
47         0.620323E-72
48         0.163705E-73
49         0.443892E-75
50         0.119518E-76
51         0.321906E-78
52         0.884699E-80
53         0.236233E-81
54         0.635139E-83
55         0.164546E-84
56         0.423426E-86
57         0.110453E-87
58         0.293445E-89
59         0.783900E-91
60         0.215820E-92
61         0.581340E-94
62         0.158367E-95
63         0.418751E-97
64         0.113718E-98
65         0.303388E-100
66         0.810509E-102
67         0.215795E-103
68         0.566098E-105
69         0.150876E-106
70         0.401513E-108
71         0.109380E-109
72         0.291780E-111
73         0.775264E-113
74         0.204618E-114
75         0.544001E-116
76         0.146266E-117
77         0.381180E-119
78         0.101347E-120
79         0.270865E-122
80         0.707391E-124
81         0.189220E-125
82         0.483825E-127
83         0.128094E-128
84         0.336793E-130
85         0.900437E-132
86         0.243325E-133
87         0.651962E-135
88         0.173778E-136
89         0.457198E-138
90         0.122054E-139
91         0.324059E-141
92         0.891979E-143
93         0.237791E-144
94         0.626133E-146
95         0.163454E-147
96         0.447352E-149
97         0.119707E-150
