1         0.220159E-01
2         0.254262E-04
3         0.252240E-07
4         0.292649E-10
5         0.293110E-13
6         0.351472E-16
7         0.377542E-19
8         0.477026E-22
9         0.532752E-25
10         0.640129E-28
11         0.692492E-31
12         0.787340E-34
13         0.780378E-37
14         0.899502E-40
15         0.917455E-43
16         0.103099E-45
17         0.108716E-48
18         0.127537E-51
19         0.143549E-54
20         0.175913E-57
21         0.194335E-60
22         0.224870E-63
23         0.231578E-66
24         0.256346E-69
25         0.264911E-72
26         0.288961E-75
27         0.299411E-78
28         0.330377E-81
29         0.353122E-84
30         0.380391E-87
31         0.396625E-90
32         0.429168E-93
33         0.450386E-96
34         0.469607E-99
35         0.487779E-102
36         0.514931E-105
37         0.523095E-108
38         0.540119E-111
39         0.539001E-114
40         0.562467E-117
41         0.578300E-120
42         0.579464E-123
43         0.585521E-126
44         0.608045E-129
45         0.624964E-132
46         0.674675E-135
47         0.687847E-138
48         0.729718E-141
49         0.748086E-144
50         0.786780E-147
51         0.808965E-150
