1         0.654981E+02
2         0.326024E+02
3         0.355086E+02
4         0.514302E+02
5         0.284492E+02
6         0.224165E+03
7         0.271101E+02
8         0.939721E+02
9         0.303573E+02
10         0.413614E+02
11         0.463826E+02
12         0.282448E+02
13         0.132080E+03
14         0.262857E+02
15         0.959241E+02
16         0.296642E+02
17         0.425687E+02
18         0.448273E+02
19         0.298578E+02
20         0.122707E+03
21         0.264629E+02
22         0.129526E+03
23         0.297482E+02
24         0.416371E+02
25         0.451804E+02
26         0.299809E+02
27         0.155262E+03
28         0.272216E+02
29         0.111453E+03
30         0.305499E+02
31         0.421926E+02
32         0.459178E+02
33         0.314392E+02
34         0.118481E+03
35         0.279049E+02
36         0.162787E+03
37         0.291743E+02
38         0.531035E+02
39         0.369563E+02
40         0.335879E+02
41         0.663656E+02
42         0.268862E+02
43         0.681138E+03
44         0.273056E+02
45         0.640211E+02
46         0.330176E+02
47         0.355731E+02
48         0.533236E+02
49         0.273168E+02
50         0.450150E+03
51         0.275433E+02
52         0.762380E+02
53         0.341072E+02
54         0.390960E+02
55         0.570954E+02
56         0.303221E+02
57         0.245930E+03
58         0.283637E+02
59         0.796083E+02
60         0.330086E+02
61         0.389319E+02
62         0.568386E+02
63         0.305263E+02
64         0.200333E+03
65         0.301295E+02
66         0.136218E+03
67         0.338330E+02
68         0.524346E+02
69         0.489073E+02
70         0.355002E+02
71         0.124161E+03
72         0.316720E+02
73         0.138268E+03
74         0.350065E+02
75         0.474645E+02
76         0.576097E+02
77         0.333469E+02
78         0.229664E+03
79         0.307202E+02
80         0.955917E+02
81         0.366445E+02
82         0.451886E+02
83         0.526944E+02
84         0.328629E+02
85         0.143408E+03
86         0.295612E+02
87         0.131846E+03
88         0.330924E+02
89         0.481714E+02
90         0.464682E+02
91         0.331851E+02
92         0.120636E+03
93         0.298122E+02
94         0.227967E+03
95         0.321031E+02
96         0.524693E+02
97         0.453991E+02
98         0.338859E+02
99         0.969598E+02
100         0.301894E+02
101         0.193465E+03
102         0.316521E+02
103         0.521167E+02
104         0.401664E+02
105         0.347530E+02
106         0.750450E+02
107         0.278831E+02
108         0.297223E+03
109         0.288938E+02
110         0.565695E+02
111         0.410349E+02
112         0.355613E+02
113         0.876242E+02
114         0.311639E+02
115         0.390703E+03
116         0.324181E+02
117         0.627690E+02
118         0.429079E+02
119         0.369338E+02
120         0.856806E+02
121         0.321043E+02
122         0.352027E+03
123         0.339435E+02
124         0.624043E+02
125         0.439529E+02
126         0.388568E+02
127         0.910971E+02
128         0.331198E+02
129         0.311545E+03
130         0.346703E+02
131         0.673157E+02
132         0.465260E+02
133         0.409133E+02
134         0.966016E+02
135         0.346957E+02
136         0.568193E+03
137         0.366793E+02
138         0.697635E+02
139         0.464447E+02
140         0.433802E+02
141         0.889023E+02
142         0.374870E+02
143         0.133911E+04
144         0.396181E+02
145         0.950847E+02
146         0.475944E+02
147         0.511328E+02
148         0.874472E+02
149         0.406278E+02
150         0.779714E+03
151         0.402990E+02
152         0.105906E+03
153         0.482762E+02
154         0.565879E+02
155         0.723146E+02
156         0.415119E+02
157         0.426574E+03
158         0.412812E+02
159         0.127511E+03
160         0.455738E+02
161         0.573364E+02
162         0.757949E+02
163         0.425197E+02
164         0.402036E+03
165         0.414600E+02
166         0.963933E+02
167         0.538062E+02
168         0.529635E+02
169         0.941341E+02
170         0.431689E+02
171         0.107791E+05
172         0.433133E+02
173         0.100508E+03
174         0.525455E+02
175         0.565159E+02
176         0.859165E+02
177         0.422805E+02
178         0.497003E+03
179         0.425110E+02
180         0.114176E+03
181         0.525803E+02
182         0.594051E+02
183         0.893730E+02
184         0.461415E+02
185         0.310194E+03
186         0.478468E+02
187         0.230091E+03
188         0.510013E+02
189         0.801983E+02
190         0.712852E+02
191         0.506385E+02
192         0.215521E+03
193         0.464261E+02
194         0.210518E+03
195         0.493977E+02
196         0.742242E+02
197         0.697019E+02
198         0.506296E+02
199         0.202587E+03
200         0.462684E+02
201         0.215092E+03
202         0.516885E+02
203         0.705419E+02
204         0.782678E+02
205         0.514994E+02
206         0.217065E+03
207         0.473983E+02
208         0.193126E+03
209         0.529558E+02
210         0.708728E+02
211         0.798665E+02
212         0.495328E+02
213         0.648610E+03
214         0.474353E+02
215         0.922580E+02
216         0.657501E+02
217         0.526395E+02
218         0.151204E+03
219         0.437855E+02
220         0.250464E+03
221         0.484931E+02
222         0.667644E+02
223         0.730422E+02
224         0.472834E+02
225         0.241181E+03
226         0.428682E+02
227         0.150482E+03
228         0.471823E+02
229         0.628124E+02
230         0.683799E+02
231         0.458262E+02
232         0.145811E+03
233         0.423409E+02
234         0.818555E+03
235         0.421138E+02
236         0.790461E+02
237         0.575166E+02
238         0.486833E+02
239         0.104282E+03
240         0.400753E+02
241         0.855289E+03
242         0.406810E+02
243         0.830170E+02
244         0.504437E+02
245         0.443455E+02
246         0.101625E+03
247         0.363043E+02
248         0.521514E+03
249         0.362852E+02
250         0.642174E+02
251         0.589773E+02
252         0.387293E+02
253         0.285944E+03
254         0.364897E+02
255         0.113365E+03
256         0.414802E+02
257         0.545254E+02
258         0.639699E+02
259         0.410494E+02
260         0.162433E+03
261         0.366899E+02
262         0.187026E+03
263         0.414085E+02
264         0.666609E+02
265         0.546091E+02
266         0.447494E+02
267         0.114327E+03
268         0.367631E+02
269         0.208698E+03
270         0.402762E+02
271         0.597156E+02
272         0.583237E+02
273         0.400388E+02
274         0.221334E+03
275         0.357272E+02
276         0.194123E+03
277         0.385668E+02
278         0.662707E+02
279         0.490260E+02
280         0.409203E+02
281         0.985939E+02
282         0.342029E+02
283         0.478427E+03
284         0.373646E+02
285         0.701833E+02
286         0.473168E+02
287         0.451530E+02
288         0.769431E+02
289         0.369394E+02
290         0.293826E+03
291         0.348378E+02
292         0.161605E+03
293         0.395154E+02
294         0.546646E+02
295         0.590350E+02
296         0.393398E+02
297         0.180407E+03
298         0.365731E+02
299         0.135851E+03
300         0.418175E+02
301         0.532463E+02
302         0.676267E+02
303         0.403312E+02
304         0.165422E+03
305         0.369594E+02
306         0.277900E+03
307         0.372278E+02
308         0.734023E+02
309         0.468732E+02
310         0.445480E+02
311         0.905171E+02
312         0.364344E+02
313         0.136557E+04
314         0.361949E+02
315         0.737642E+02
316         0.491649E+02
317         0.451084E+02
318         0.102535E+03
319         0.385005E+02
320         0.413508E+03
321         0.426914E+02
322         0.654634E+02
323         0.608394E+02
324         0.434568E+02
325         0.159304E+03
326         0.390286E+02
327         0.206118E+03
328         0.434322E+02
329         0.742363E+02
330         0.552134E+02
331         0.490046E+02
332         0.988218E+02
333         0.397176E+02
334         0.527743E+03
335         0.400055E+02
336         0.651499E+02
337         0.575358E+02
338         0.391582E+02
339         0.188456E+03
340         0.341532E+02
341         0.121474E+03
342         0.391276E+02
343         0.489285E+02
344         0.657435E+02
345         0.360963E+02
346         0.596064E+03
347         0.351340E+02
348         0.960743E+02
349         0.433156E+02
350         0.473929E+02
351         0.689610E+02
352         0.367002E+02
353         0.280124E+03
354         0.357326E+02
355         0.110503E+03
356         0.427553E+02
357         0.522573E+02
358         0.743471E+02
359         0.416295E+02
360         0.339965E+03
361         0.392792E+02
362         0.110894E+03
363         0.445523E+02
364         0.542029E+02
365         0.820123E+02
366         0.409418E+02
367         0.112722E+04
368         0.400424E+02
369         0.831048E+02
370         0.498891E+02
371         0.464152E+02
372         0.108625E+03
373         0.401918E+02
374         0.136259E+04
375         0.382483E+02
376         0.103532E+03
377         0.455089E+02
378         0.518446E+02
379         0.868005E+02
380         0.418887E+02
381         0.187608E+04
382         0.426168E+02
383         0.810991E+02
384         0.592867E+02
385         0.560251E+02
386         0.962055E+02
387         0.452621E+02
388         0.467559E+03
389         0.436620E+02
390         0.133708E+03
391         0.514711E+02
392         0.631750E+02
393         0.843432E+02
394         0.514877E+02
395         0.240027E+03
396         0.499051E+02
397         0.323147E+03
398         0.527316E+02
399         0.726784E+02
400         0.819324E+02
401         0.485598E+02
402         0.339203E+03
403         0.462670E+02
404         0.137099E+03
405         0.534448E+02
406         0.688573E+02
407         0.779865E+02
408         0.505569E+02
409         0.198004E+03
410         0.453469E+02
411         0.175624E+03
412         0.533455E+02
413         0.641307E+02
414         0.943650E+02
415         0.462338E+02
416         0.364893E+04
417         0.469121E+02
418         0.113335E+03
419         0.563607E+02
420         0.717518E+02
421         0.719924E+02
422         0.535681E+02
423         0.154762E+03
424         0.461560E+02
425         0.506422E+03
426         0.481624E+02
427         0.979163E+02
428         0.607242E+02
429         0.647969E+02
430         0.985351E+02
431         0.479987E+02
432         0.124319E+04
433         0.478410E+02
434         0.946230E+02
435         0.605688E+02
436         0.542865E+02
437         0.141576E+03
438         0.458965E+02
439         0.230554E+03
440         0.519651E+02
441         0.771999E+02
442         0.697194E+02
443         0.516765E+02
444         0.138743E+03
445         0.435638E+02
446         0.289382E+03
447         0.479923E+02
448         0.726746E+02
449         0.697769E+02
450         0.500608E+02
451         0.167933E+03
452         0.442761E+02
453         0.215814E+03
454         0.482817E+02
455         0.786119E+02
456         0.650262E+02
457         0.490218E+02
458         0.188236E+03
459         0.427112E+02
460         0.172536E+03
461         0.507995E+02
462         0.647538E+02
463         0.793693E+02
464         0.479929E+02
465         0.181154E+03
466         0.432481E+02
467         0.313283E+03
468         0.461143E+02
469         0.736724E+02
470         0.577795E+02
471         0.460353E+02
472         0.128889E+03
473         0.406869E+02
474         0.387448E+03
475         0.466037E+02
476         0.852273E+02
477         0.608909E+02
478         0.491090E+02
479         0.112312E+03
480         0.423711E+02
481         0.879774E+03
482         0.433851E+02
483         0.967817E+02
484         0.542530E+02
485         0.574349E+02
486         0.853189E+02
487         0.424244E+02
488         0.149832E+04
489         0.420047E+02
490         0.101460E+03
491         0.520915E+02
492         0.532031E+02
493         0.874181E+02
494         0.417284E+02
495         0.109221E+04
496         0.429453E+02
497         0.859347E+02
498         0.567941E+02
499         0.494348E+02
500         0.114153E+03
501         0.434987E+02
502         0.722976E+04
503         0.430975E+02
504         0.900623E+02
505         0.565156E+02
506         0.490435E+02
507         0.152672E+03
508         0.471570E+02
509         0.127939E+04
510         0.474062E+02
511         0.108732E+03
512         0.569713E+02
513         0.610126E+02
514         0.101475E+03
515         0.487325E+02
516         0.615036E+04
517         0.489706E+02
518         0.990316E+02
519         0.653035E+02
520         0.560523E+02
521         0.124517E+03
522         0.445519E+02
523         0.401247E+03
524         0.454999E+02
525         0.733193E+02
526         0.669227E+02
527         0.502753E+02
528         0.155517E+03
529         0.480595E+02
530         0.361354E+03
531         0.496624E+02
532         0.913226E+02
533         0.603253E+02
534         0.536339E+02
535         0.130968E+03
536         0.434044E+02
537         0.206826E+03
538         0.487259E+02
539         0.694487E+02
540         0.746666E+02
541         0.472315E+02
542         0.328423E+03
543         0.440704E+02
544         0.183544E+03
545         0.480312E+02
546         0.655780E+02
547         0.715399E+02
548         0.465524E+02
549         0.338016E+03
550         0.437572E+02
551         0.111252E+03
552         0.587550E+02
553         0.588833E+02
554         0.900191E+02
555         0.469283E+02
556         0.378182E+03
557         0.428581E+02
558         0.128222E+03
559         0.522890E+02
560         0.549999E+02
561         0.108032E+03
562         0.439519E+02
563         0.761319E+03
564         0.437839E+02
565         0.114236E+03
566         0.500335E+02
567         0.663844E+02
568         0.660919E+02
569         0.448815E+02
570         0.365428E+03
571         0.423404E+02
572         0.902533E+02
573         0.590899E+02
574         0.544186E+02
575         0.985580E+02
576         0.455510E+02
577         0.102893E+04
578         0.443618E+02
579         0.899046E+02
580         0.622644E+02
581         0.517461E+02
582         0.207757E+03
583         0.432560E+02
584         0.137900E+03
585         0.495032E+02
586         0.683686E+02
587         0.644124E+02
588         0.520376E+02
589         0.116720E+03
590         0.444252E+02
591         0.220415E+03
592         0.490201E+02
593         0.646760E+02
594         0.805953E+02
595         0.464139E+02
596         0.438667E+03
597         0.445996E+02
598         0.116984E+03
599         0.550188E+02
600         0.537192E+02
601         0.108737E+03
602         0.431292E+02
603         0.753964E+03
604         0.457180E+02
605         0.944800E+02
606         0.563786E+02
607         0.593742E+02
608         0.883145E+02
609         0.430915E+02
610         0.136183E+04
611         0.413148E+02
612         0.877822E+02
613         0.543302E+02
614         0.460404E+02
615         0.178540E+03
616         0.406860E+02
617         0.168308E+03
618         0.461520E+02
619         0.687375E+02
620         0.604867E+02
621         0.464287E+02
622         0.155632E+03
623         0.419229E+02
624         0.202484E+03
625         0.461675E+02
626         0.797601E+02
627         0.559864E+02
628         0.491675E+02
629         0.146508E+03
630         0.412262E+02
631         0.290023E+03
632         0.440634E+02
633         0.894922E+02
634         0.520978E+02
635         0.509575E+02
636         0.933566E+02
637         0.423640E+02
638         0.221594E+04
639         0.431455E+02
640         0.123192E+03
641         0.455645E+02
642         0.703364E+02
643         0.579015E+02
644         0.464650E+02
645         0.110312E+03
646         0.419843E+02
647         0.242999E+04
648         0.421115E+02
649         0.795782E+02
650         0.569738E+02
651         0.466719E+02
652         0.144140E+03
653         0.391192E+02
654         0.287442E+03
655         0.434710E+02
656         0.106111E+03
657         0.503748E+02
658         0.593113E+02
659         0.905048E+02
660         0.465687E+02
661         0.100158E+05
662         0.474706E+02
663         0.119386E+03
664         0.543955E+02
665         0.666456E+02
666         0.808041E+02
667         0.475820E+02
668         0.618975E+04
669         0.481595E+02
670         0.942319E+02
671         0.637830E+02
672         0.608314E+02
673         0.958150E+02
674         0.505881E+02
675         0.109802E+04
676         0.493201E+02
677         0.937565E+02
678         0.677850E+02
679         0.570350E+02
680         0.122690E+03
681         0.502654E+02
682         0.467017E+03
683         0.487107E+02
684         0.119355E+03
685         0.598376E+02
686         0.544115E+02
687         0.132013E+03
688         0.469701E+02
689         0.131851E+05
690         0.477250E+02
691         0.122693E+03
692         0.577261E+02
693         0.621140E+02
694         0.959741E+02
695         0.480624E+02
696         0.773730E+03
697         0.469068E+02
698         0.144919E+03
699         0.552115E+02
700         0.677445E+02
701         0.947248E+02
702         0.472867E+02
703         0.255931E+04
704         0.466040E+02
705         0.105966E+03
706         0.569135E+02
707         0.694472E+02
708         0.816316E+02
709         0.542402E+02
710         0.255934E+03
711         0.470034E+02
712         0.133639E+03
713         0.571106E+02
714         0.635396E+02
715         0.799076E+02
716         0.526032E+02
717         0.203305E+03
718         0.471206E+02
719         0.129082E+03
720         0.587500E+02
721         0.666181E+02
722         0.812057E+02
723         0.532759E+02
724         0.237510E+03
725         0.489018E+02
726         0.147954E+03
727         0.598376E+02
728         0.635868E+02
729         0.104182E+03
730         0.498066E+02
731         0.874072E+03
732         0.478651E+02
733         0.941200E+02
734         0.655269E+02
735         0.541157E+02
736         0.144169E+03
737         0.515513E+02
738         0.160283E+04
739         0.513175E+02
740         0.155654E+03
741         0.617659E+02
742         0.670096E+02
743         0.143526E+03
744         0.531096E+02
745         0.149659E+04
746         0.560190E+02
747         0.136039E+03
748         0.671620E+02
749         0.691464E+02
750         0.111348E+03
751         0.551379E+02
752         0.751670E+03
753         0.498394E+02
754         0.115753E+03
755         0.599267E+02
756         0.605279E+02
757         0.163930E+03
758         0.509927E+02
759         0.422871E+03
760         0.539644E+02
761         0.106564E+03
762         0.641176E+02
763         0.601965E+02
764         0.129047E+03
765         0.481915E+02
766         0.307815E+03
767         0.540531E+02
768         0.885765E+02
769         0.691109E+02
770         0.618522E+02
771         0.134880E+03
772         0.520077E+02
773         0.207092E+03
774         0.596292E+02
775         0.806965E+02
776         0.819412E+02
777         0.625409E+02
778         0.156123E+03
779         0.527264E+02
780         0.203749E+03
781         0.612824E+02
782         0.758783E+02
783         0.974949E+02
784         0.603448E+02
785         0.239977E+03
786         0.540405E+02
787         0.206959E+03
788         0.608760E+02
789         0.699217E+02
790         0.127865E+03
791         0.541307E+02
792         0.768557E+03
793         0.552643E+02
794         0.966915E+02
795         0.686247E+02
796         0.624025E+02
797         0.978067E+02
798         0.564381E+02
799         0.173737E+03
800         0.495499E+02
801         0.493625E+03
802         0.522107E+02
803         0.991635E+02
804         0.762744E+02
805         0.644119E+02
806         0.160256E+03
807         0.543569E+02
808         0.405728E+03
809         0.595913E+02
810         0.882983E+02
811         0.843688E+02
812         0.624040E+02
813         0.161531E+03
814         0.558809E+02
815         0.252662E+04
816         0.549785E+02
817         0.119652E+03
818         0.738909E+02
819         0.685964E+02
820         0.115682E+03
821         0.548675E+02
822         0.514624E+03
823         0.509694E+02
824         0.111120E+03
825         0.661181E+02
826         0.587689E+02
827         0.141119E+03
828         0.510873E+02
829         0.964112E+03
830         0.533039E+02
831         0.108840E+03
832         0.787015E+02
833         0.610755E+02
834         0.439910E+03
835         0.540214E+02
836         0.130288E+03
837         0.669854E+02
838         0.801663E+02
839         0.909404E+02
840         0.563642E+02
841         0.499632E+03
842         0.551487E+02
843         0.132139E+03
844         0.647430E+02
845         0.812499E+02
846         0.771363E+02
847         0.572654E+02
848         0.297523E+03
849         0.557690E+02
850         0.276675E+03
851         0.576076E+02
852         0.103091E+03
853         0.711652E+02
854         0.651510E+02
855         0.187286E+03
856         0.540833E+02
857         0.445045E+03
858         0.522840E+02
859         0.127990E+03
860         0.619900E+02
861         0.694835E+02
862         0.107026E+03
863         0.550047E+02
864         0.402696E+04
865         0.547207E+02
866         0.109379E+03
867         0.809929E+02
868         0.585782E+02
869         0.341965E+03
870         0.542028E+02
871         0.362545E+03
872         0.534421E+02
873         0.103690E+03
874         0.706529E+02
875         0.599153E+02
876         0.211563E+03
877         0.518359E+02
878         0.233039E+03
879         0.561025E+02
880         0.921362E+02
881         0.740110E+02
882         0.571153E+02
883         0.236492E+03
884         0.511462E+02
885         0.285169E+03
886         0.555852E+02
887         0.100379E+03
888         0.712067E+02
889         0.565301E+02
890         0.191503E+03
891         0.512129E+02
892         0.641124E+03
893         0.514628E+02
894         0.147875E+03
895         0.582711E+02
896         0.793773E+02
897         0.869531E+02
898         0.575966E+02
899         0.269092E+03
900         0.509746E+02
901         0.167182E+03
902         0.591780E+02
903         0.649073E+02
904         0.132319E+03
905         0.529810E+02
906         0.128517E+04
907         0.549169E+02
908         0.170616E+03
909         0.600674E+02
910         0.781304E+02
911         0.905011E+02
912         0.562596E+02
913         0.452838E+03
914         0.531361E+02
915         0.135704E+03
916         0.638679E+02
917         0.653498E+02
918         0.148909E+03
919         0.521881E+02
920         0.205903E+03
921         0.546848E+02
922         0.694468E+02
923         0.793426E+02
924         0.529006E+02
925         0.188786E+03
926         0.493226E+02
927         0.123386E+03
928         0.654797E+02
929         0.599701E+02
930         0.106210E+03
931         0.534490E+02
932         0.448209E+03
933         0.467131E+02
934         0.115112E+03
935         0.582719E+02
936         0.667451E+02
937         0.965859E+02
938         0.536382E+02
939         0.589863E+03
940         0.483521E+02
941         0.149921E+03
942         0.542829E+02
943         0.809262E+02
944         0.668233E+02
945         0.535553E+02
946         0.171405E+03
947         0.468682E+02
948         0.293793E+03
949         0.480224E+02
950         0.875002E+02
951         0.630926E+02
952         0.460508E+02
953         0.450510E+03
954         0.440286E+02
955         0.981326E+02
956         0.560405E+02
957         0.558779E+02
958         0.106377E+03
959         0.433054E+02
960         0.302701E+03
961         0.473486E+02
962         0.118354E+03
963         0.509959E+02
964         0.671923E+02
965         0.859864E+02
966         0.429146E+02
967         0.347959E+03
968         0.462167E+02
969         0.699853E+02
970         0.733620E+02
971         0.507692E+02
972         0.217578E+03
973         0.419003E+02
974         0.258941E+03
975         0.465659E+02
976         0.106804E+03
977         0.583861E+02
978         0.545902E+02
979         0.135258E+03
980         0.477400E+02
981         0.378759E+05
982         0.489798E+02
983         0.151842E+03
984         0.549692E+02
985         0.580309E+02
986         0.105003E+03
987         0.467656E+02
988         0.103934E+05
989         0.491117E+02
990         0.902147E+02
991         0.658092E+02
992         0.573792E+02
993         0.121191E+03
994         0.534160E+02
995         0.153627E+04
996         0.502528E+02
997         0.111317E+03
998         0.577572E+02
999         0.557522E+02
1000         0.137510E+03
1001         0.466955E+02
1002         0.286021E+03
1003         0.483750E+02
1004         0.834557E+02
1005         0.606922E+02
1006         0.546739E+02
1007         0.127154E+03
1008         0.447471E+02
1009         0.743724E+03
1010         0.449072E+02
1011         0.918176E+02
1012         0.615978E+02
1013         0.567010E+02
1014         0.106224E+03
1015         0.491050E+02
1016         0.796621E+03
1017         0.500590E+02
1018         0.751877E+02
1019         0.756360E+02
1020         0.553427E+02
1021         0.145333E+03
1022         0.456061E+02
1023         0.616627E+03
1024         0.517250E+02
1025         0.100225E+03
1026         0.694977E+02
1027         0.509956E+02
1028         0.178906E+03
1029         0.444049E+02
1030         0.180846E+03
1031         0.503054E+02
1032         0.737754E+02
1033         0.701698E+02
1034         0.524945E+02
1035         0.159975E+03
1036         0.432699E+02
1037         0.294281E+03
1038         0.492110E+02
1039         0.725036E+02
1040         0.717915E+02
1041         0.487481E+02
1042         0.222624E+03
1043         0.453231E+02
1044         0.386122E+03
1045         0.496991E+02
1046         0.818439E+02
1047         0.692785E+02
1048         0.538426E+02
1049         0.129909E+03
1050         0.491973E+02
1051         0.866998E+03
1052         0.466472E+02
1053         0.106961E+03
1054         0.618427E+02
1055         0.624718E+02
1056         0.118448E+03
1057         0.482597E+02
1058         0.247763E+03
1059         0.500796E+02
1060         0.780990E+02
1061         0.693659E+02
1062         0.567882E+02
1063         0.110552E+03
1064         0.472227E+02
1065         0.158411E+05
1066         0.461895E+02
1067         0.107923E+03
1068         0.574796E+02
1069         0.703922E+02
1070         0.912215E+02
1071         0.519749E+02
1072         0.259090E+03
1073         0.473347E+02
1074         0.783294E+03
1075         0.490071E+02
1076         0.763452E+02
1077         0.799616E+02
1078         0.469148E+02
1079         0.812608E+03
1080         0.466537E+02
1081         0.166199E+03
1082         0.520610E+02
1083         0.635937E+02
1084         0.733726E+02
1085         0.439359E+02
1086         0.112534E+04
1087         0.469336E+02
1088         0.112902E+03
1089         0.557600E+02
1090         0.530433E+02
1091         0.125160E+03
1092         0.462535E+02
1093         0.782222E+03
1094         0.478640E+02
1095         0.904217E+02
1096         0.596246E+02
1097         0.589144E+02
1098         0.874396E+02
1099         0.496792E+02
1100         0.230299E+03
1101         0.438918E+02
1102         0.121787E+03
1103         0.552327E+02
1104         0.652449E+02
1105         0.936987E+02
1106         0.471928E+02
1107         0.203654E+04
1108         0.484194E+02
1109         0.113331E+03
1110         0.584462E+02
1111         0.764631E+02
1112         0.817194E+02
1113         0.482973E+02
1114         0.395000E+03
1115         0.473223E+02
1116         0.289268E+03
1117         0.501369E+02
1118         0.902210E+02
1119         0.635463E+02
1120         0.570703E+02
1121         0.128205E+03
1122         0.487595E+02
1123         0.757941E+03
1124         0.484565E+02
1125         0.173523E+03
1126         0.596874E+02
1127         0.854823E+02
1128         0.859626E+02
1129         0.570690E+02
1130         0.126661E+04
1131         0.548549E+02
1132         0.112313E+03
1133         0.685815E+02
1134         0.680022E+02
1135         0.114232E+03
1136         0.511237E+02
1137         0.102668E+04
1138         0.551400E+02
1139         0.115547E+03
1140         0.690658E+02
1141         0.655489E+02
1142         0.117270E+03
1143         0.521504E+02
1144         0.811266E+03
1145         0.525311E+02
1146         0.120168E+03
1147         0.597872E+02
1148         0.599839E+02
1149         0.113399E+03
1150         0.520571E+02
1151         0.139102E+04
1152         0.486164E+02
1153         0.975074E+02
1154         0.673789E+02
1155         0.545066E+02
1156         0.208498E+03
1157         0.487991E+02
1158         0.265661E+03
1159         0.518445E+02
1160         0.749159E+02
1161         0.942285E+02
1162         0.575416E+02
1163         0.208595E+03
1164         0.485512E+02
1165         0.236291E+03
1166         0.543685E+02
1167         0.670924E+02
1168         0.927920E+02
1169         0.496889E+02
1170         0.275108E+03
1171         0.471181E+02
1172         0.136333E+03
1173         0.559629E+02
1174         0.598553E+02
1175         0.897877E+02
1176         0.492510E+02
1177         0.401534E+03
1178         0.437227E+02
1179         0.817126E+02
1180         0.595625E+02
1181         0.598321E+02
1182         0.869795E+02
1183         0.483482E+02
1184         0.894408E+03
1185         0.470570E+02
1186         0.204494E+03
1187         0.494057E+02
1188         0.715335E+02
1189         0.882497E+02
1190         0.463162E+02
1191         0.307466E+03
1192         0.419389E+02
1193         0.186827E+03
1194         0.486986E+02
1195         0.647121E+02
1196         0.661212E+02
1197         0.550916E+02
1198         0.961706E+02
1199         0.443696E+02
1200         0.280567E+04
1201         0.464231E+02
1202         0.854800E+02
1203         0.661518E+02
1204         0.537426E+02
1205         0.138539E+03
1206         0.456797E+02
1207         0.259025E+03
1208         0.528441E+02
1209         0.870250E+02
1210         0.684368E+02
1211         0.572668E+02
1212         0.184211E+03
1213         0.516218E+02
1214         0.701440E+03
1215         0.505316E+02
1216         0.106098E+03
1217         0.646799E+02
1218         0.584283E+02
1219         0.230024E+03
1220         0.526895E+02
1221         0.324680E+03
1222         0.497121E+02
1223         0.982805E+02
1224         0.623329E+02
1225         0.589216E+02
1226         0.105562E+03
1227         0.451134E+02
1228         0.807423E+03
1229         0.479408E+02
1230         0.782456E+02
1231         0.697635E+02
1232         0.607669E+02
1233         0.872040E+02
1234         0.477059E+02
1235         0.103891E+04
1236         0.525995E+02
1237         0.850820E+02
1238         0.679293E+02
1239         0.572426E+02
1240         0.186803E+03
1241         0.504826E+02
1242         0.327769E+03
1243         0.549798E+02
1244         0.126647E+03
1245         0.676376E+02
1246         0.625380E+02
1247         0.144080E+03
1248         0.515941E+02
1249         0.405242E+04
1250         0.558197E+02
1251         0.111638E+03
1252         0.791623E+02
1253         0.675372E+02
1254         0.138004E+03
1255         0.566568E+02
1256         0.404279E+03
1257         0.608042E+02
1258         0.806951E+02
1259         0.934125E+02
1260         0.681395E+02
1261         0.145203E+03
1262         0.547918E+02
1263         0.248209E+03
1264         0.649106E+02
1265         0.103565E+03
1266         0.795135E+02
1267         0.651095E+02
1268         0.241726E+03
1269         0.579480E+02
1270         0.368852E+03
1271         0.587619E+02
1272         0.129022E+03
1273         0.795152E+02
1274         0.666184E+02
1275         0.186391E+03
1276         0.560070E+02
1277         0.109293E+04
1278         0.585864E+02
1279         0.861110E+02
1280         0.852446E+02
1281         0.583059E+02
1282         0.326921E+03
1283         0.523435E+02
1284         0.135542E+03
1285         0.608851E+02
1286         0.735245E+02
1287         0.897612E+02
1288         0.592076E+02
1289         0.320833E+03
1290         0.502042E+02
1291         0.125792E+03
1292         0.634043E+02
1293         0.813402E+02
1294         0.903328E+02
1295         0.498378E+02
1296         0.798974E+03
1297         0.498379E+02
1298         0.165278E+03
1299         0.592670E+02
1300         0.660284E+02
1301         0.986289E+02
1302         0.536135E+02
1303         0.167027E+03
1304         0.514294E+02
1305         0.442133E+03
1306         0.530548E+02
1307         0.857581E+02
1308         0.718491E+02
1309         0.591222E+02
1310         0.171885E+03
1311         0.466515E+02
1312         0.260750E+03
1313         0.496002E+02
1314         0.797618E+02
1315         0.752470E+02
1316         0.484538E+02
1317         0.905714E+03
1318         0.500547E+02
1319         0.774792E+02
1320         0.891755E+02
1321         0.507213E+02
1322         0.368683E+03
1323         0.478381E+02
1324         0.130037E+03
1325         0.620495E+02
1326         0.796428E+02
1327         0.731629E+02
1328         0.633897E+02
1329         0.173577E+03
1330         0.529873E+02
1331         0.195819E+03
1332         0.590244E+02
1333         0.955005E+02
1334         0.753850E+02
1335         0.611018E+02
1336         0.210406E+03
1337         0.557639E+02
1338         0.515298E+03
1339         0.548795E+02
1340         0.821833E+02
1341         0.981025E+02
1342         0.578421E+02
1343         0.181728E+03
1344         0.535763E+02
1345         0.408361E+03
1346         0.573657E+02
1347         0.867225E+02
1348         0.757163E+02
1349         0.594739E+02
1350         0.172627E+03
1351         0.528645E+02
1352         0.442499E+03
1353         0.545762E+02
1354         0.115384E+03
1355         0.662901E+02
1356         0.595491E+02
1357         0.193967E+03
1358         0.569496E+02
1359         0.616559E+03
1360         0.546621E+02
1361         0.139494E+03
1362         0.723087E+02
1363         0.795550E+02
1364         0.107143E+03
1365         0.550064E+02
1366         0.565590E+04
1367         0.611614E+02
1368         0.177375E+03
1369         0.634858E+02
1370         0.750993E+02
1371         0.156695E+03
1372         0.643483E+02
1373         0.103586E+04
1374         0.654076E+02
1375         0.159087E+03
1376         0.802760E+02
1377         0.801646E+02
1378         0.146691E+03
1379         0.630144E+02
1380         0.158921E+05
1381         0.641422E+02
1382         0.998240E+02
1383         0.988187E+02
1384         0.746757E+02
1385         0.180444E+03
1386         0.615719E+02
1387         0.354599E+03
1388         0.696327E+02
1389         0.973685E+02
1390         0.939656E+02
1391         0.675256E+02
1392         0.617455E+03
1393         0.662442E+02
1394         0.488514E+03
1395         0.705826E+02
1396         0.124528E+03
1397         0.102499E+03
1398         0.776977E+02
1399         0.220683E+03
1400         0.716313E+02
1401         0.279437E+03
1402         0.781369E+02
1403         0.974295E+02
1404         0.113958E+03
1405         0.784007E+02
1406         0.407141E+03
1407         0.705032E+02
1408         0.262301E+03
1409         0.800032E+02
1410         0.116366E+03
1411         0.114665E+03
1412         0.680592E+02
1413         0.555322E+03
1414         0.662539E+02
1415         0.121592E+04
1416         0.656273E+02
1417         0.134739E+03
1418         0.833210E+02
1419         0.830551E+02
1420         0.115448E+03
1421         0.660305E+02
1422         0.607319E+03
1423         0.707518E+02
1424         0.425731E+03
1425         0.713756E+02
1426         0.909114E+02
1427         0.142937E+03
1428         0.713890E+02
1429         0.415461E+03
1430         0.686780E+02
1431         0.384924E+03
1432         0.857919E+02
1433         0.164363E+03
1434         0.928489E+02
1435         0.938467E+02
1436         0.139290E+03
1437         0.792064E+02
1438         0.475452E+03
1439         0.702785E+02
1440         0.170518E+03
1441         0.927989E+02
1442         0.866811E+02
1443         0.226276E+03
1444         0.772621E+02
1445         0.413189E+04
1446         0.744169E+02
1447         0.176739E+03
1448         0.983723E+02
1449         0.950326E+02
1450         0.171238E+03
1451         0.730900E+02
1452         0.692656E+03
1453         0.837661E+02
1454         0.150225E+03
1455         0.983574E+02
1456         0.881981E+02
1457         0.199667E+03
1458         0.743684E+02
1459         0.101029E+04
1460         0.774206E+02
1461         0.146864E+03
1462         0.108491E+03
1463         0.858811E+02
1464         0.175395E+03
1465         0.722153E+02
1466         0.270842E+04
1467         0.725038E+02
1468         0.168524E+03
1469         0.917871E+02
1470         0.109164E+03
1471         0.129808E+03
1472         0.798927E+02
1473         0.507770E+03
1474         0.787266E+02
1475         0.376498E+03
1476         0.858580E+02
1477         0.104681E+03
1478         0.137913E+03
1479         0.739819E+02
1480         0.760091E+03
1481         0.689721E+02
1482         0.185197E+03
1483         0.884660E+02
1484         0.895382E+02
1485         0.127905E+03
1486         0.656163E+02
1487         0.332678E+04
1488         0.671817E+02
1489         0.149600E+03
1490         0.791291E+02
1491         0.708151E+02
1492         0.277035E+03
1493         0.597212E+02
1494         0.309257E+03
1495         0.654588E+02
1496         0.107530E+03
1497         0.823928E+02
1498         0.600459E+02
1499         0.332524E+03
1500         0.572650E+02
1501         0.181816E+03
1502         0.695688E+02
1503         0.856662E+02
1504         0.109128E+03
1505         0.660364E+02
1506         0.199000E+04
1507         0.653690E+02
1508         0.132015E+03
1509         0.795226E+02
1510         0.811621E+02
1511         0.157142E+03
1512         0.701479E+02
1513         0.636982E+04
1514         0.674899E+02
1515         0.120317E+03
1516         0.928124E+02
1517         0.772136E+02
1518         0.135868E+03
1519         0.639275E+02
1520         0.595178E+03
1521         0.690521E+02
1522         0.166635E+03
1523         0.766639E+02
1524         0.882578E+02
1525         0.149558E+03
1526         0.709868E+02
1527         0.773385E+03
1528         0.633932E+02
1529         0.243663E+03
1530         0.760237E+02
1531         0.107971E+03
1532         0.967548E+02
1533         0.675780E+02
1534         0.362320E+03
1535         0.680799E+02
1536         0.165360E+03
1537         0.788707E+02
1538         0.816930E+02
1539         0.123024E+03
1540         0.707098E+02
1541         0.319869E+03
1542         0.604622E+02
1543         0.162063E+03
1544         0.799752E+02
1545         0.804579E+02
1546         0.141259E+03
1547         0.591040E+02
1548         0.559300E+03
1549         0.674243E+02
1550         0.107813E+03
1551         0.765027E+02
1552         0.739896E+02
1553         0.143596E+03
1554         0.606481E+02
1555         0.681384E+03
1556         0.595833E+02
1557         0.145136E+03
1558         0.754901E+02
1559         0.780508E+02
1560         0.120172E+03
1561         0.579670E+02
1562         0.135950E+04
1563         0.612557E+02
1564         0.128863E+03
1565         0.659346E+02
1566         0.804730E+02
1567         0.101585E+03
1568         0.576187E+02
1569         0.683604E+03
1570         0.613961E+02
1571         0.346473E+03
1572         0.638208E+02
1573         0.122809E+03
1574         0.804794E+02
1575         0.784458E+02
1576         0.194998E+03
1577         0.622575E+02
1578         0.298577E+03
1579         0.701839E+02
1580         0.113164E+03
1581         0.847605E+02
1582         0.723749E+02
1583         0.188915E+03
1584         0.677417E+02
1585         0.277214E+04
1586         0.621574E+02
1587         0.142606E+03
1588         0.723015E+02
1589         0.825108E+02
1590         0.131920E+03
1591         0.592807E+02
1592         0.544356E+04
1593         0.622089E+02
1594         0.163202E+03
1595         0.699499E+02
1596         0.769587E+02
1597         0.125450E+03
1598         0.666335E+02
1599         0.243369E+04
1600         0.615753E+02
1601         0.137478E+03
1602         0.845473E+02
1603         0.779288E+02
1604         0.193541E+03
1605         0.634313E+02
1606         0.280893E+03
1607         0.790281E+02
1608         0.128006E+03
1609         0.989064E+02
1610         0.745623E+02
1611         0.279258E+03
1612         0.727468E+02
1613         0.281609E+03
1614         0.751035E+02
1615         0.962009E+02
1616         0.119609E+03
1617         0.759025E+02
1618         0.410376E+03
1619         0.674839E+02
1620         0.169392E+03
1621         0.876502E+02
1622         0.960132E+02
1623         0.108116E+03
1624         0.712720E+02
1625         0.375879E+03
1626         0.723706E+02
1627         0.470626E+03
1628         0.719251E+02
1629         0.890383E+02
1630         0.156927E+03
1631         0.704284E+02
1632         0.103533E+05
1633         0.664640E+02
1634         0.146065E+03
1635         0.921254E+02
1636         0.989254E+02
1637         0.109425E+03
1638         0.634241E+02
1639         0.100858E+04
1640         0.703316E+02
1641         0.204078E+03
1642         0.732023E+02
1643         0.779376E+02
1644         0.146669E+03
1645         0.640945E+02
1646         0.197668E+05
1647         0.618774E+02
1648         0.160350E+03
1649         0.855834E+02
1650         0.930637E+02
1651         0.132157E+03
1652         0.708774E+02
1653         0.252758E+03
1654         0.683082E+02
1655         0.377747E+03
1656         0.753152E+02
1657         0.103842E+03
1658         0.132026E+03
1659         0.696706E+02
1660         0.165281E+04
1661         0.719805E+02
1662         0.152367E+03
1663         0.904510E+02
1664         0.868237E+02
1665         0.134115E+03
1666         0.668605E+02
1667         0.104396E+04
1668         0.713177E+02
1669         0.142757E+03
1670         0.914184E+02
1671         0.823299E+02
1672         0.201951E+03
1673         0.654317E+02
1674         0.468371E+03
1675         0.702236E+02
1676         0.124393E+03
1677         0.923874E+02
1678         0.682727E+02
1679         0.374605E+03
1680         0.618350E+02
1681         0.140979E+03
1682         0.728518E+02
1683         0.796058E+02
1684         0.144486E+03
1685         0.663163E+02
1686         0.941283E+03
1687         0.604106E+02
1688         0.146196E+03
1689         0.821660E+02
1690         0.858651E+02
1691         0.124729E+03
1692         0.609687E+02
1693         0.483062E+04
1694         0.641128E+02
1695         0.124366E+03
1696         0.786076E+02
1697         0.757066E+02
1698         0.169122E+03
1699         0.676133E+02
1700         0.556243E+03
1701         0.609416E+02
1702         0.113936E+03
1703         0.100979E+03
1704         0.641619E+02
1705         0.232172E+03
1706         0.554464E+02
1707         0.263404E+03
1708         0.668576E+02
1709         0.107996E+03
1710         0.784835E+02
1711         0.684761E+02
1712         0.151021E+03
1713         0.547396E+02
1714         0.936263E+03
1715         0.539765E+02
1716         0.110520E+03
1717         0.725893E+02
1718         0.734542E+02
1719         0.100381E+03
1720         0.558424E+02
1721         0.431971E+03
1722         0.568755E+02
1723         0.139545E+03
1724         0.693624E+02
1725         0.782294E+02
1726         0.116183E+03
1727         0.623614E+02
1728         0.348309E+03
1729         0.581831E+02
1730         0.301467E+03
1731         0.682347E+02
1732         0.918506E+02
1733         0.906089E+02
1734         0.677038E+02
1735         0.182773E+03
1736         0.599225E+02
1737         0.449089E+03
1738         0.626412E+02
1739         0.986465E+02
1740         0.923214E+02
1741         0.616164E+02
1742         0.227722E+03
1743         0.554904E+02
1744         0.383101E+03
1745         0.570665E+02
1746         0.867484E+02
1747         0.741090E+02
1748         0.518937E+02
1749         0.295632E+03
1750         0.493393E+02
1751         0.184407E+03
1752         0.612843E+02
1753         0.826125E+02
1754         0.893305E+02
1755         0.550990E+02
1756         0.151042E+03
1757         0.495129E+02
1758         0.804405E+04
1759         0.487808E+02
1760         0.984098E+02
1761         0.669003E+02
1762         0.682125E+02
1763         0.873775E+02
1764         0.484757E+02
1765         0.255252E+03
1766         0.505433E+02
1767         0.593257E+03
1768         0.506492E+02
1769         0.964036E+02
1770         0.571678E+02
1771         0.595584E+02
1772         0.119947E+03
1773         0.435837E+02
1774         0.137677E+03
1775         0.597564E+02
1776         0.657472E+02
1777         0.116806E+03
1778         0.467034E+02
1779         0.288150E+03
1780         0.545544E+02
1781         0.914446E+02
1782         0.581709E+02
1783         0.570568E+02
1784         0.127336E+03
1785         0.512162E+02
1786         0.239156E+04
1787         0.471404E+02
1788         0.106041E+03
1789         0.608172E+02
1790         0.584481E+02
1791         0.100707E+03
1792         0.475504E+02
1793         0.918697E+03
1794         0.495740E+02
1795         0.985613E+02
1796         0.591959E+02
1797         0.538523E+02
1798         0.211570E+03
1799         0.456818E+02
1800         0.238708E+03
1801         0.497443E+02
1802         0.675715E+02
1803         0.807721E+02
1804         0.501634E+02
1805         0.127462E+03
1806         0.446640E+02
1807         0.187533E+03
1808         0.496666E+02
1809         0.813928E+02
1810         0.645972E+02
1811         0.540976E+02
1812         0.135622E+03
1813         0.414226E+02
1814         0.252017E+03
1815         0.507821E+02
1816         0.712400E+02
1817         0.624324E+02
1818         0.492842E+02
1819         0.172194E+03
1820         0.440554E+02
1821         0.364714E+03
1822         0.441734E+02
1823         0.801294E+02
1824         0.586962E+02
1825         0.544005E+02
1826         0.903230E+02
1827         0.411172E+02
1828         0.595621E+03
1829         0.421679E+02
1830         0.818776E+02
1831         0.526409E+02
1832         0.487783E+02
1833         0.140667E+03
1834         0.395328E+02
1835         0.255256E+03
1836         0.443555E+02
1837         0.694207E+02
1838         0.548558E+02
1839         0.428384E+02
1840         0.277313E+03
1841         0.406704E+02
1842         0.145146E+03
1843         0.392109E+02
1844         0.580252E+02
1845         0.784656E+02
1846         0.450801E+02
1847         0.236109E+03
1848         0.401877E+02
1849         0.124761E+03
1850         0.456411E+02
1851         0.549403E+02
1852         0.780643E+02
1853         0.390044E+02
1854         0.840939E+03
1855         0.407861E+02
1856         0.899213E+02
1857         0.488140E+02
1858         0.424523E+02
1859         0.112158E+03
1860         0.379365E+02
1861         0.285688E+03
1862         0.415776E+02
1863         0.974803E+02
1864         0.471101E+02
1865         0.425477E+02
1866         0.227840E+03
1867         0.421896E+02
1868         0.596974E+04
1869         0.413378E+02
1870         0.970406E+02
1871         0.473846E+02
1872         0.558373E+02
1873         0.835526E+02
1874         0.421911E+02
1875         0.204334E+04
1876         0.398507E+02
1877         0.107692E+03
1878         0.545157E+02
1879         0.531554E+02
1880         0.864591E+02
1881         0.386356E+02
1882         0.477375E+03
1883         0.410621E+02
1884         0.131297E+03
1885         0.434940E+02
1886         0.460418E+02
1887         0.958101E+02
1888         0.343479E+02
1889         0.449806E+04
1890         0.394174E+02
1891         0.556898E+02
1892         0.611671E+02
1893         0.445661E+02
1894         0.147501E+03
1895         0.382448E+02
1896         0.189392E+03
1897         0.435838E+02
1898         0.642203E+02
1899         0.597750E+02
1900         0.445970E+02
1901         0.954062E+02
1902         0.427726E+02
1903         0.113374E+04
1904         0.458919E+02
1905         0.105654E+03
1906         0.592296E+02
1907         0.551337E+02
1908         0.131951E+03
1909         0.489173E+02
1910         0.701654E+04
1911         0.490996E+02
1912         0.912059E+02
1913         0.700432E+02
1914         0.677422E+02
1915         0.112831E+03
1916         0.443794E+02
1917         0.200241E+03
1918         0.515642E+02
1919         0.819660E+02
1920         0.675540E+02
1921         0.587826E+02
1922         0.867825E+02
1923         0.460273E+02
1924         0.511368E+03
1925         0.449094E+02
1926         0.947794E+02
1927         0.532655E+02
1928         0.523523E+02
1929         0.132631E+03
1930         0.430908E+02
1931         0.482570E+03
1932         0.456405E+02
1933         0.808855E+02
1934         0.536733E+02
1935         0.626485E+02
1936         0.601012E+02
1937         0.409421E+02
1938         0.808387E+03
1939         0.400202E+02
1940         0.131966E+03
1941         0.422660E+02
1942         0.576521E+02
1943         0.621453E+02
1944         0.419036E+02
1945         0.286796E+03
1946         0.394405E+02
1947         0.898164E+02
1948         0.432155E+02
1949         0.472098E+02
1950         0.620086E+02
1951         0.442601E+02
1952         0.180039E+03
1953         0.362049E+02
1954         0.141597E+03
1955         0.442659E+02
1956         0.513938E+02
1957         0.600706E+02
1958         0.353756E+02
1959         0.411951E+03
1960         0.346275E+02
1961         0.830903E+02
1962         0.445181E+02
1963         0.503432E+02
1964         0.984804E+02
1965         0.369844E+02
1966         0.317182E+03
1967         0.426370E+02
1968         0.790980E+02
1969         0.486513E+02
1970         0.509027E+02
1971         0.950842E+02
1972         0.430016E+02
1973         0.556434E+03
1974         0.392741E+02
1975         0.686303E+02
1976         0.551968E+02
1977         0.454135E+02
1978         0.952022E+02
1979         0.390074E+02
1980         0.140112E+04
1981         0.341365E+02
1982         0.785580E+02
1983         0.484231E+02
1984         0.398661E+02
1985         0.130123E+03
1986         0.353125E+02
1987         0.119895E+03
1988         0.400011E+02
1989         0.670892E+02
1990         0.472666E+02
1991         0.389918E+02
1992         0.120081E+03
1993         0.346854E+02
1994         0.451484E+03
1995         0.361957E+02
1996         0.516741E+02
1997         0.534004E+02
1998         0.408554E+02
1999         0.123782E+03
2000         0.379981E+02
2001         0.330851E+03
2002         0.370225E+02
2003         0.552443E+02
2004         0.638754E+02
2005         0.374331E+02
2006         0.170886E+03
2007         0.343737E+02
2008         0.905499E+02
2009         0.405762E+02
2010         0.520742E+02
2011         0.552498E+02
2012         0.335909E+02
2013         0.149578E+04
2014         0.348193E+02
2015         0.117689E+03
2016         0.373314E+02
2017         0.495306E+02
2018         0.499603E+02
2019         0.389384E+02
2020         0.130364E+03
2021         0.329681E+02
2022         0.381851E+03
2023         0.352156E+02
2024         0.607776E+02
2025         0.492435E+02
2026         0.449680E+02
2027         0.959123E+02
2028         0.357737E+02
2029         0.100276E+04
2030         0.339595E+02
2031         0.107029E+03
2032         0.429182E+02
2033         0.484780E+02
2034         0.531101E+02
2035         0.371530E+02
2036         0.278407E+03
2037         0.343485E+02
2038         0.262160E+03
2039         0.351999E+02
2040         0.548683E+02
2041         0.451872E+02
2042         0.399295E+02
2043         0.618111E+02
2044         0.304738E+02
2045         0.278061E+04
2046         0.293948E+02
2047         0.681880E+02
2048         0.380771E+02
