1        2.219561E-002
2        2.491684E-005
3        2.509391E-008
4        2.910134E-011
5        2.920463E-014
6        3.440518E-017
7        3.468405E-020
8        3.975838E-023
9        3.945230E-026
10        4.171981E-029
11        4.314691E-032
12        4.946211E-035
13        5.338431E-038
14        6.429413E-041
15        6.964275E-044
16        8.260778E-047
17        8.977901E-050
18        1.050946E-052
19        1.151834E-055
20        1.316903E-058
21        1.384427E-061
22        1.490599E-064
23        1.511504E-067
24        1.708380E-070
25        1.812106E-073
26        1.954322E-076
27        1.985709E-079
28        2.323993E-082
29        2.409898E-085
30        2.629917E-088
31        2.645387E-091
32        2.793569E-094
33        2.846141E-097
34        3.080578E-100
35        3.246667E-103
36        3.452709E-106
37        3.555556E-109
38        3.593757E-112
39        3.606760E-115
40        3.986334E-118
41        4.197498E-121
42        4.584176E-124
43        4.769514E-127
44        5.119288E-130
45        5.032312E-133
46        5.256802E-136
47        5.635937E-139
48        6.085176E-142
49        6.573116E-145
50        7.199994E-148
51        7.449298E-151
