1         0.245747E-02
2         0.179475E-05
3         0.818627E-09
4         0.539758E-12
5         0.282679E-15
6         0.204565E-18
7         0.843619E-22
8         0.500250E-25
9         0.255143E-28
10         0.147371E-31
11         0.598669E-35
12         0.268296E-38
13         0.121794E-41
14         0.609445E-45
15         0.223178E-48
16         0.112414E-51
17         0.507514E-55
18         0.282447E-58
19         0.113273E-61
20         0.571354E-65
21         0.290065E-68
22         0.148258E-71
23         0.742944E-75
24         0.353313E-78
25         0.121407E-81
26         0.446839E-85
27         0.121803E-88
28         0.472638E-92
29         0.204424E-95
30         0.844629E-99
31         0.351331E-102
32         0.196912E-105
33         0.754974E-109
34         0.295251E-112
35         0.102247E-115
36         0.346009E-119
37         0.925020E-123
38         0.309287E-126
39         0.747753E-130
40         0.294400E-133
41         0.911967E-137
42         0.554383E-140
43         0.448662E-143
44         0.205132E-146
45         0.119261E-149
46         0.251247E-153
