1        2.783615E-003
2        1.942732E-006
3        6.539872E-010
4        3.798526E-013
5        1.434657E-016
6        8.104549E-020
7        3.129746E-023
8        1.357615E-026
9        7.215549E-030
10        4.219199E-033
11        1.778889E-036
12        8.820674E-040
13        4.539245E-043
14        2.301711E-046
15        1.089120E-049
16        5.378802E-053
17        2.573280E-056
18        1.317121E-059
19        5.195636E-063
20        2.873899E-066
21        1.027217E-069
22        4.038600E-073
23        2.194094E-076
24        1.160185E-079
25        4.698684E-083
26        1.824632E-086
27        7.713624E-090
28        3.608543E-093
29        1.632238E-096
30        7.739083E-100
31        3.799980E-103
32        2.048106E-106
33        5.538526E-110
34        2.175036E-113
35        7.117119E-117
36        3.528901E-120
37        1.581713E-123
38        2.591408E-127
39        5.671944E-131
40        1.723291E-134
41        5.006166E-138
42        2.608354E-141
43        8.773355E-145
44        2.852967E-148
45        8.730999E-152
