1         0.283211E+01
2         0.903058E+00
3         0.280346E+00
4         0.893928E-01
5         0.300953E-01
6         0.100462E-01
7         0.331224E-02
8         0.110093E-02
9         0.373415E-03
10         0.110014E-03
11         0.394297E-04
12         0.116571E-04
13         0.335548E-05
14         0.101454E-05
15         0.344975E-06
16         0.114371E-06
17         0.338230E-07
18         0.106554E-07
19         0.338564E-08
20         0.100491E-08
21         0.287788E-09
22         0.949968E-10
23         0.295766E-10
24         0.921254E-11
25         0.298874E-11
26         0.967831E-12
27         0.274529E-12
28         0.781156E-13
29         0.217730E-13
30         0.661642E-14
31         0.197783E-14
32         0.562580E-15
33         0.181506E-15
34         0.553984E-16
35         0.163411E-16
36         0.433028E-17
37         0.122255E-17
38         0.349691E-18
39         0.107797E-18
40         0.311803E-19
41         0.892846E-20
42         0.270454E-20
43         0.717169E-21
44         0.207525E-21
45         0.588465E-22
46         0.163427E-22
47         0.442907E-23
48         0.133007E-23
49         0.401912E-24
50         0.117356E-24
51         0.306537E-25
52         0.902240E-26
53         0.277386E-26
54         0.838131E-27
55         0.253830E-27
56         0.683237E-28
57         0.184890E-28
58         0.574446E-29
59         0.158488E-29
60         0.439166E-30
61         0.125531E-30
62         0.320960E-31
63         0.903560E-32
64         0.253916E-32
65         0.729551E-33
66         0.207824E-33
67         0.634213E-34
68         0.189028E-34
69         0.526378E-35
70         0.135553E-35
71         0.351070E-36
72         0.971712E-37
73         0.249423E-37
74         0.629713E-38
75         0.159962E-38
76         0.373964E-39
77         0.107737E-39
78         0.281701E-40
79         0.720546E-41
80         0.177042E-41
81         0.425035E-42
82         0.102993E-42
83         0.258169E-43
84         0.716777E-44
85         0.231019E-44
86         0.818128E-45
87         0.279074E-45
88         0.854304E-46
89         0.233753E-46
90         0.634911E-47
91         0.166441E-47
92         0.394997E-48
93         0.965675E-49
94         0.257705E-49
95         0.688283E-50
96         0.168672E-50
97         0.468748E-51
98         0.118766E-51
99         0.271155E-52
100         0.602003E-53
101         0.145202E-53
102         0.314455E-54
103         0.710079E-55
104         0.171712E-55
105         0.477412E-56
106         0.181062E-56
107         0.661065E-57
108         0.203675E-57
109         0.543501E-58
110         0.131344E-58
111         0.331051E-59
112         0.859898E-60
113         0.201064E-60
114         0.420962E-61
115         0.101245E-61
116         0.262890E-62
117         0.728750E-63
118         0.185969E-63
119         0.441238E-64
120         0.111418E-64
121         0.338524E-65
122         0.104117E-65
123         0.339796E-66
124         0.789482E-67
125         0.208538E-67
126         0.613359E-68
127         0.171783E-68
128         0.403668E-69
129         0.814944E-70
130         0.173296E-70
131         0.404117E-71
132         0.932119E-72
133         0.250483E-72
134         0.575234E-73
135         0.172668E-73
136         0.553679E-74
137         0.198904E-74
138         0.599446E-75
139         0.135011E-75
140         0.273276E-76
141         0.614153E-77
142         0.162695E-77
143         0.528023E-78
144         0.160330E-78
145         0.514401E-79
146         0.159639E-79
147         0.474105E-80
148         0.179735E-80
149         0.588330E-81
150         0.142895E-81
151         0.358442E-82
152         0.781313E-83
153         0.176870E-83
154         0.465825E-84
155         0.165158E-84
156         0.543310E-85
157         0.152423E-85
158         0.335212E-86
159         0.705441E-87
160         0.160609E-87
161         0.387082E-88
162         0.101978E-88
163         0.228298E-89
164         0.483922E-90
165         0.139940E-90
166         0.493944E-91
167         0.154252E-91
168         0.349680E-92
169         0.696418E-93
170         0.143200E-93
171         0.446396E-94
172         0.129303E-94
173         0.296455E-95
174         0.602090E-96
175         0.146447E-96
176         0.450142E-97
177         0.167088E-97
178         0.512384E-98
179         0.122462E-98
180         0.322668E-99
181         0.104819E-99
182         0.381634E-100
183         0.938913E-101
184         0.242408E-101
185         0.811492E-102
186         0.285503E-102
187         0.763122E-103
188         0.166549E-103
189         0.318196E-104
190         0.607758E-105
191         0.120211E-105
192         0.348310E-106
193         0.119623E-106
194         0.323628E-107
195         0.701991E-108
196         0.127925E-108
197         0.271646E-109
198         0.575502E-110
199         0.135109E-110
200         0.225204E-111
201         0.416443E-112
202         0.129938E-112
203         0.537581E-113
204         0.196482E-113
205         0.517437E-114
206         0.151880E-114
207         0.512183E-115
208         0.130895E-115
209         0.301145E-116
210         0.501951E-117
211         0.102731E-117
212         0.354734E-118
213         0.154001E-118
214         0.344504E-119
215         0.799008E-120
216         0.195459E-120
217         0.637017E-121
218         0.156805E-121
219         0.296984E-122
220         0.536604E-123
221         0.126048E-123
222         0.287152E-124
223         0.867966E-125
224         0.228974E-125
225         0.449161E-126
226         0.113610E-126
227         0.246585E-127
228         0.496860E-128
229         0.121952E-128
230         0.332114E-129
231         0.102692E-129
232         0.238569E-130
233         0.605919E-131
234         0.149596E-131
235         0.503636E-132
236         0.140194E-132
237         0.240288E-133
238         0.465873E-134
239         0.121815E-134
240         0.393594E-135
241         0.877216E-136
242         0.188188E-136
243         0.666106E-137
244         0.183199E-137
245         0.444690E-138
246         0.113979E-138
247         0.410140E-139
248         0.157652E-139
249         0.339834E-140
250         0.849922E-141
251         0.295582E-141
252         0.851226E-142
253         0.158053E-142
254         0.435687E-143
255         0.156815E-143
256         0.394611E-144
