1         0.931771E+00
2         0.926367E-01
3         0.102902E-01
4         0.114021E-02
5         0.128648E-03
6         0.145060E-04
7         0.159497E-05
8         0.178935E-06
9         0.179043E-07
10         0.198869E-08
11         0.206434E-09
12         0.222814E-10
13         0.228928E-11
14         0.214190E-12
15         0.224130E-13
16         0.237516E-14
17         0.243578E-15
18         0.243863E-16
19         0.247771E-17
20         0.249333E-18
21         0.262349E-19
22         0.268212E-20
23         0.275528E-21
24         0.283085E-22
25         0.297268E-23
26         0.313102E-24
27         0.274647E-25
28         0.272078E-26
29         0.266451E-27
30         0.248563E-28
31         0.240545E-29
32         0.249768E-30
33         0.248756E-31
34         0.260947E-32
35         0.237546E-33
36         0.232791E-34
37         0.209584E-35
38         0.205066E-36
39         0.206961E-37
40         0.199858E-38
41         0.195307E-39
42         0.197017E-40
43         0.196588E-41
44         0.190678E-42
45         0.187161E-43
46         0.194174E-44
47         0.180643E-45
48         0.192138E-46
49         0.185506E-47
50         0.179405E-48
51         0.174000E-49
52         0.178850E-50
53         0.181716E-51
54         0.173747E-52
55         0.170087E-53
56         0.155082E-54
57         0.147949E-55
58         0.132359E-56
59         0.114144E-57
60         0.103340E-58
61         0.884335E-60
62         0.838668E-61
63         0.818732E-62
64         0.751131E-63
65         0.635066E-64
66         0.513638E-65
67         0.543416E-66
68         0.583227E-67
69         0.589157E-68
70         0.558787E-69
71         0.467860E-70
72         0.404613E-71
73         0.373832E-72
74         0.376131E-73
75         0.317734E-74
76         0.268044E-75
77         0.248241E-76
78         0.211815E-77
79         0.174481E-78
80         0.150994E-79
81         0.126059E-80
82         0.104850E-81
83         0.993351E-83
84         0.962514E-84
85         0.110057E-84
86         0.119428E-85
87         0.116759E-86
88         0.101233E-87
89         0.844353E-89
90         0.745406E-90
91         0.577259E-91
92         0.468085E-92
93         0.392043E-93
94         0.357507E-94
95         0.279501E-95
96         0.218788E-96
97         0.170358E-97
98         0.145710E-98
99         0.115840E-99
100         0.105981E-100
101         0.101210E-101
102         0.103053E-102
103         0.108872E-103
104         0.924949E-105
105         0.761657E-106
106         0.707858E-107
107         0.688434E-108
108         0.597481E-109
109         0.529330E-110
110         0.446228E-111
111         0.360944E-112
112         0.289340E-113
113         0.312778E-114
114         0.353399E-115
115         0.424408E-116
116         0.449731E-117
117         0.440855E-118
118         0.479047E-119
119         0.405117E-120
120         0.338316E-121
121         0.251864E-122
122         0.200446E-123
123         0.143448E-124
124         0.108208E-125
125         0.109966E-126
126         0.951331E-128
127         0.761573E-129
128         0.701092E-130
129         0.698512E-131
130         0.632218E-132
131         0.498478E-133
132         0.370125E-134
133         0.322318E-135
134         0.350032E-136
135         0.444404E-137
136         0.443942E-138
137         0.320707E-139
138         0.202395E-140
139         0.154760E-141
140         0.147183E-142
141         0.172381E-143
142         0.183312E-144
143         0.185035E-145
144         0.157186E-146
145         0.131898E-147
146         0.153333E-148
147         0.136082E-149
148         0.104234E-150
