1         0.823290E-01
2         0.974336E-03
3         0.104280E-04
4         0.137912E-06
5         0.154014E-08
6         0.169345E-10
7         0.169673E-12
8         0.186257E-14
9         0.181938E-16
10         0.206013E-18
11         0.233751E-20
12         0.289410E-22
13         0.315467E-24
14         0.354782E-26
15         0.364516E-28
16         0.401938E-30
17         0.394516E-32
18         0.455378E-34
19         0.500444E-36
20         0.537153E-38
21         0.510756E-40
22         0.477823E-42
23         0.512696E-44
24         0.530856E-46
25         0.537801E-48
26         0.557682E-50
27         0.533571E-52
28         0.571524E-54
29         0.600890E-56
30         0.599269E-58
31         0.562168E-60
32         0.608776E-62
33         0.600609E-64
34         0.562432E-66
35         0.520499E-68
36         0.484574E-70
37         0.421318E-72
38         0.411265E-74
39         0.367008E-76
40         0.317077E-78
41         0.309461E-80
42         0.252170E-82
43         0.231817E-84
44         0.202577E-86
45         0.174939E-88
46         0.159171E-90
47         0.166719E-92
48         0.149872E-94
49         0.129299E-96
50         0.119632E-98
51         0.103823E-100
52         0.898975E-103
53         0.826357E-105
54         0.762564E-107
55         0.654797E-109
56         0.542003E-111
57         0.437901E-113
58         0.404312E-115
59         0.395699E-117
60         0.365917E-119
61         0.326631E-121
62         0.278183E-123
63         0.244316E-125
64         0.213487E-127
65         0.190293E-129
66         0.186535E-131
67         0.196327E-133
68         0.236727E-135
69         0.269992E-137
70         0.300034E-139
71         0.258718E-141
72         0.226799E-143
73         0.176993E-145
74         0.166767E-147
75         0.165369E-149
76         0.178798E-151
