1         0.833928E+01
2         0.309063E+02
3         0.120154E+02
4         0.742771E+01
5         0.108476E+02
6         0.345290E+02
7         0.726512E+01
8         0.797675E+01
9         0.128611E+03
10         0.915814E+01
11         0.628108E+01
12         0.114053E+02
13         0.254557E+02
14         0.705845E+01
15         0.781835E+01
16         0.303104E+02
17         0.126301E+02
18         0.733264E+01
19         0.149587E+02
20         0.145877E+02
21         0.665547E+01
22         0.725088E+01
23         0.185980E+02
24         0.158618E+02
25         0.793710E+01
26         0.119114E+02
27         0.307939E+02
28         0.881044E+01
29         0.985063E+01
30         0.144850E+03
31         0.914064E+01
32         0.691217E+01
33         0.158057E+02
34         0.127884E+02
35         0.619366E+01
36         0.759537E+01
37         0.748516E+02
38         0.895476E+01
39         0.602365E+01
40         0.810446E+01
41         0.134224E+03
42         0.732260E+01
43         0.668196E+01
44         0.180099E+02
45         0.128691E+02
46         0.589139E+01
47         0.620757E+01
48         0.663293E+02
49         0.647392E+01
50         0.524702E+01
51         0.975760E+01
52         0.132329E+03
53         0.942758E+01
54         0.925191E+01
55         0.226486E+02
56         0.206548E+02
57         0.858805E+01
58         0.963551E+01
59         0.101114E+03
60         0.104425E+02
61         0.854727E+01
62         0.154528E+02
63         0.324041E+02
64         0.991207E+01
65         0.105301E+02
66         0.431643E+02
67         0.155780E+02
68         0.935047E+01
69         0.106205E+02
70         0.544376E+02
71         0.125002E+02
72         0.731042E+01
73         0.917201E+01
74         0.376047E+02
75         0.150295E+02
76         0.773377E+01
77         0.689065E+01
78         0.940683E+01
79         0.374239E+03
80         0.104422E+02
81         0.707376E+01
82         0.602541E+01
83         0.990031E+01
84         0.778747E+02
85         0.804237E+01
86         0.688536E+01
87         0.156519E+02
88         0.293622E+02
89         0.932849E+01
90         0.766733E+01
91         0.112405E+02
92         0.250953E+03
93         0.113618E+02
94         0.691131E+01
95         0.783505E+01
96         0.149969E+02
97         0.227195E+02
98         0.102388E+02
99         0.233276E+02
100         0.208867E+02
101         0.894757E+01
102         0.738873E+01
103         0.975462E+01
104         0.421461E+02
105         0.207852E+02
106         0.842778E+01
107         0.725053E+01
108         0.239928E+02
109         0.106910E+02
110         0.688909E+01
111         0.961558E+01
112         0.148750E+03
113         0.872665E+01
114         0.516891E+01
115         0.381429E+01
116         0.443518E+01
117         0.926232E+02
118         0.338400E+01
119         0.240598E+01
120         0.227599E+01
121         0.321217E+01
122         0.376695E+02
123         0.388041E+01
124         0.334256E+01
125         0.159959E+02
126         0.413085E+01
127         0.255805E+01
128         0.264396E+01
129         0.513419E+01
130         0.202852E+02
131         0.421591E+01
132         0.269862E+01
133         0.386731E+01
134         0.991061E+01
135         0.272623E+01
136         0.294751E+01
137         0.616297E+01
138         0.196397E+02
139         0.349667E+01
140         0.226144E+01
141         0.215855E+01
142         0.392654E+01
143         0.549810E+01
144         0.223137E+01
145         0.227594E+01
146         0.310987E+01
147         0.802022E+01
148         0.617501E+01
149         0.325460E+01
150         0.574686E+01
151         0.738664E+01
152         0.292664E+01
153         0.226005E+01
154         0.246811E+01
155         0.795098E+01
156         0.465449E+01
157         0.272018E+01
158         0.643685E+01
159         0.495584E+01
160         0.154983E+01
161         0.115546E+01
162         0.909763E+00
163         0.769127E+00
164         0.101066E+01
165         0.729987E+01
166         0.816328E+00
167         0.673483E+00
168         0.826456E+00
169         0.512061E+01
170         0.128286E+01
171         0.118724E+01
172         0.383719E+01
173         0.852468E+00
174         0.528257E+00
175         0.484183E+00
176         0.107016E+01
177         0.968805E+00
178         0.381021E+00
179         0.296350E+00
180         0.294361E+00
181         0.398281E+00
182         0.242283E+01
183         0.592310E+00
184         0.389065E+00
185         0.332382E+00
186         0.388425E+00
187         0.277360E+02
188         0.369446E+00
189         0.376239E+00
190         0.158167E+01
191         0.779472E+00
192         0.477929E+00
193         0.672668E+00
194         0.410458E+01
195         0.102545E+01
196         0.889909E+00
197         0.788238E+02
198         0.674894E+00
199         0.347812E+00
200         0.280114E+00
201         0.256051E+00
202         0.516250E+00
203         0.470824E+00
204         0.185180E+00
205         0.173854E+00
206         0.196138E+00
207         0.415545E+00
208         0.753298E+00
209         0.234902E+00
210         0.201379E+00
211         0.182801E+00
212         0.224390E+00
213         0.152202E+01
214         0.107978E+00
215         0.615004E-01
216         0.613767E-01
217         0.257408E+00
218         0.921875E-01
219         0.451637E-01
220         0.341025E-01
221         0.312134E-01
222         0.259400E-01
223         0.176977E-01
224         0.187960E-01
225         0.580587E-01
226         0.117408E-01
227         0.953084E-02
228         0.314910E-01
229         0.116941E-01
230         0.479517E-02
231         0.235325E-02
232         0.178418E-02
233         0.189320E-02
234         0.251049E-01
235         0.175201E-02
236         0.959398E-03
237         0.747636E-03
238         0.855596E-03
239         0.268630E-02
240         0.145964E-02
241         0.672059E-03
242         0.597067E-03
243         0.340049E-02
244         0.489779E-03
245         0.400578E-03
246         0.940637E-03
247         0.455928E-03
248         0.181597E-03
249         0.120857E-03
250         0.115523E-03
251         0.620990E-03
252         0.786367E-04
253         0.444434E-04
254         0.765845E-04
255         0.171293E-03
256         0.385681E-04
