1         0.708496E-03
2         0.311294E-06
3         0.296561E-21
4         0.891138E-25
5         0.297491E-28
6         0.704494E-43
7         0.224839E-46
8         0.104138E-50
9         0.200460E-64
10         0.544650E-68
11         0.620279E-73
12         0.119671E-85
13         0.209486E-89
14         0.305095E-95
15         0.657377E-107
16         0.167368E-110
17         0.201610E-117
18         0.353030E-128
19         0.156637E-131
20         0.781136E-140
21         0.213857E-149
22         0.141175E-152
