1         0.132745E+00
2         0.406452E-02
3         0.746577E-04
4         0.241988E-05
5         0.481909E-07
6         0.148745E-08
7         0.398588E-10
8         0.115887E-11
9         0.256713E-13
10         0.559167E-15
11         0.208618E-16
12         0.575775E-18
13         0.130714E-19
14         0.342492E-21
15         0.354399E-23
16         0.203788E-25
17         0.615946E-28
18         0.211238E-30
19         0.453754E-40
20         0.542125E-42
21         0.123328E-44
22         0.633999E-46
23         0.626632E-48
24         0.128180E-49
25         0.225577E-51
26         0.951612E-53
27         0.151889E-54
28         0.435795E-56
29         0.851375E-58
30         0.850536E-60
31         0.111981E-61
32         0.122148E-63
