1         0.313057E+00
2         0.253188E-01
3         0.196094E-02
4         0.151334E-03
5         0.103754E-04
6         0.795380E-06
7         0.737752E-07
8         0.593726E-08
9         0.416670E-09
10         0.359182E-10
11         0.253979E-11
12         0.183328E-12
13         0.130247E-13
14         0.732890E-15
15         0.629431E-16
16         0.554144E-17
17         0.343765E-18
18         0.179122E-19
19         0.118922E-20
20         0.534182E-22
21         0.196422E-23
22         0.737903E-25
23         0.203361E-26
24         0.635687E-28
25         0.855167E-30
26         0.160750E-31
27         0.332865E-33
28         0.742406E-35
29         0.477256E-38
30         0.100791E-41
31         0.716820E-43
32         0.143227E-44
