1         0.919977E+00
2         0.377400E+00
3         0.148726E+00
4         0.328190E-01
5         0.879054E-02
6         0.201253E-02
7         0.517287E-03
8         0.139112E-03
9         0.348664E-04
10         0.838319E-05
11         0.128749E-05
12         0.377146E-06
13         0.906521E-07
14         0.164594E-07
15         0.267545E-08
16         0.540300E-09
17         0.120811E-09
18         0.295786E-10
19         0.377526E-11
20         0.396283E-12
21         0.567624E-13
22         0.743897E-14
23         0.898238E-15
24         0.166732E-15
25         0.170470E-16
26         0.136315E-17
27         0.169843E-18
28         0.112987E-19
29         0.885367E-21
30         0.208500E-22
31         0.776918E-24
32         0.219980E-24
