1         0.454730E-02
2         0.274508E-04
3         0.196413E-07
4         0.671360E-11
5         0.471042E-15
6         0.129924E-18
7         0.238272E-29
8         0.847842E-32
9         0.143256E-37
10         0.316156E-41
11         0.776138E-45
12         0.610556E-49
13         0.198510E-52
14         0.737394E-58
15         0.448831E-61
16         0.154245E-71
17         0.188586E-75
18         0.661819E-79
19         0.125175E-81
20         0.629877E-85
21         0.203492E-87
22         0.984283E-91
23         0.299849E-103
24         0.136210E-106
25         0.133895E-109
26         0.199577E-113
27         0.429170E-117
28         0.297465E-121
29         0.806513E-125
30         0.284838E-131
31         0.245800E-135
32         0.658441E-143
