1         0.152274E+02
2         0.741291E+01
3         0.396477E+01
4         0.212612E+01
5         0.110811E+01
6         0.589685E+00
7         0.315935E+00
8         0.170413E+00
9         0.881701E-01
10         0.463347E-01
11         0.247041E-01
12         0.129490E-01
13         0.692510E-02
14         0.381189E-02
15         0.201739E-02
16         0.104435E-02
17         0.559697E-03
18         0.293264E-03
19         0.159042E-03
20         0.869857E-04
21         0.470267E-04
22         0.242205E-04
23         0.126348E-04
24         0.668712E-05
25         0.351952E-05
26         0.185765E-05
27         0.966831E-06
28         0.497830E-06
29         0.259442E-06
30         0.139776E-06
31         0.754964E-07
32         0.412111E-07
33         0.225613E-07
34         0.118707E-07
35         0.627221E-08
36         0.325290E-08
37         0.175371E-08
38         0.897153E-09
39         0.481130E-09
40         0.258987E-09
41         0.138437E-09
42         0.739198E-10
43         0.389358E-10
44         0.210297E-10
45         0.109679E-10
46         0.577503E-11
47         0.302138E-11
48         0.160072E-11
49         0.839530E-12
50         0.424725E-12
51         0.218712E-12
52         0.118495E-12
53         0.629081E-13
54         0.329020E-13
55         0.172681E-13
56         0.913951E-14
57         0.489272E-14
58         0.256788E-14
59         0.134813E-14
60         0.711063E-15
61         0.361509E-15
62         0.186801E-15
63         0.976369E-16
64         0.513195E-16
65         0.266482E-16
66         0.139724E-16
67         0.732786E-17
68         0.379407E-17
69         0.201841E-17
70         0.108167E-17
71         0.559394E-18
72         0.289336E-18
73         0.152057E-18
74         0.803623E-19
75         0.423130E-19
76         0.224974E-19
77         0.117805E-19
78         0.619843E-20
79         0.332406E-20
80         0.182660E-20
81         0.968815E-21
82         0.504195E-21
83         0.261772E-21
84         0.135755E-21
85         0.699416E-22
86         0.361179E-22
87         0.189071E-22
88         0.983839E-23
89         0.525973E-23
90         0.278961E-23
91         0.144492E-23
92         0.755596E-24
93         0.390336E-24
94         0.200667E-24
95         0.104766E-24
96         0.534698E-25
97         0.282459E-25
98         0.149718E-25
99         0.794983E-26
100         0.417218E-26
101         0.227065E-26
102         0.121967E-26
103         0.649880E-27
104         0.343833E-27
105         0.178399E-27
106         0.931966E-28
107         0.480747E-28
108         0.242680E-28
109         0.125797E-28
110         0.654865E-29
111         0.343704E-29
112         0.176466E-29
113         0.903316E-30
114         0.469920E-30
115         0.241861E-30
116         0.129618E-30
117         0.684869E-31
118         0.356281E-31
119         0.184916E-31
120         0.993011E-32
121         0.527061E-32
122         0.286347E-32
123         0.151325E-32
124         0.797250E-33
125         0.419833E-33
126         0.223911E-33
127         0.118374E-33
128         0.635983E-34
129         0.330897E-34
130         0.176064E-34
131         0.921243E-35
132         0.484613E-35
133         0.261349E-35
134         0.137087E-35
135         0.725388E-36
136         0.375486E-36
137         0.203145E-36
138         0.107540E-36
139         0.573100E-37
140         0.302977E-37
141         0.152343E-37
142         0.781548E-38
143         0.388549E-38
144         0.195089E-38
145         0.993560E-39
146         0.500130E-39
147         0.258908E-39
148         0.136591E-39
149         0.722369E-40
150         0.374106E-40
151         0.193692E-40
152         0.996974E-41
153         0.502771E-41
154         0.255746E-41
155         0.133141E-41
156         0.689840E-42
157         0.349812E-42
158         0.183420E-42
159         0.940770E-43
160         0.475583E-43
161         0.234429E-43
162         0.120132E-43
163         0.609109E-44
164         0.318650E-44
165         0.165151E-44
166         0.869071E-45
167         0.453476E-45
168         0.231331E-45
169         0.117269E-45
170         0.585088E-46
171         0.301102E-46
172         0.154749E-46
173         0.778493E-47
174         0.402241E-47
175         0.198230E-47
176         0.999473E-48
177         0.506917E-48
178         0.257547E-48
179         0.129529E-48
180         0.661551E-49
181         0.342376E-49
182         0.172958E-49
183         0.855006E-50
184         0.425893E-50
185         0.213230E-50
186         0.107081E-50
187         0.561674E-51
188         0.288543E-51
189         0.149509E-51
190         0.749400E-52
191         0.369798E-52
192         0.186161E-52
193         0.936625E-53
194         0.483192E-53
195         0.247211E-53
196         0.125819E-53
197         0.623749E-54
198         0.317041E-54
199         0.161497E-54
200         0.820684E-55
201         0.435846E-55
202         0.227946E-55
203         0.118609E-55
204         0.624053E-56
205         0.320307E-56
206         0.165451E-56
207         0.838661E-57
208         0.428379E-57
209         0.212402E-57
210         0.107308E-57
211         0.528905E-58
212         0.258506E-58
213         0.132076E-58
214         0.673943E-59
215         0.341153E-59
216         0.173962E-59
217         0.864402E-60
218         0.437903E-60
219         0.229939E-60
220         0.121133E-60
221         0.611785E-61
222         0.309617E-61
223         0.156758E-61
224         0.818860E-62
225         0.416974E-62
226         0.212869E-62
227         0.106274E-62
228         0.546661E-63
229         0.280787E-63
230         0.144328E-63
231         0.745425E-64
232         0.383297E-64
233         0.196423E-64
234         0.100768E-64
235         0.520603E-65
236         0.264472E-65
237         0.136067E-65
238         0.718268E-66
239         0.361949E-66
240         0.182372E-66
241         0.894950E-67
242         0.450356E-67
243         0.234556E-67
244         0.125650E-67
245         0.651399E-68
246         0.335153E-68
247         0.167407E-68
248         0.846869E-69
249         0.438397E-69
250         0.229194E-69
251         0.116722E-69
252         0.599292E-70
253         0.309186E-70
254         0.161250E-70
255         0.831456E-71
256         0.427942E-71
257         0.221737E-71
258         0.118808E-71
259         0.600824E-72
260         0.310743E-72
261         0.159600E-72
262         0.836376E-73
263         0.439598E-73
264         0.240075E-73
265         0.132237E-73
266         0.743359E-74
267         0.414850E-74
268         0.227991E-74
269         0.119146E-74
270         0.616555E-75
271         0.309321E-75
272         0.157350E-75
273         0.788067E-76
274         0.410676E-76
275         0.214470E-76
276         0.107006E-76
277         0.535004E-77
278         0.264968E-77
279         0.131193E-77
280         0.649663E-78
281         0.322849E-78
282         0.162236E-78
283         0.831244E-79
284         0.431174E-79
285         0.216046E-79
286         0.109645E-79
287         0.551479E-80
288         0.274689E-80
289         0.134258E-80
290         0.635084E-81
291         0.308346E-81
292         0.158914E-81
293         0.816392E-82
294         0.404747E-82
295         0.205377E-82
296         0.101376E-82
297         0.508749E-83
298         0.248148E-83
299         0.121550E-83
300         0.591407E-84
301         0.298648E-84
302         0.150685E-84
303         0.772418E-85
304         0.401044E-85
305         0.208637E-85
306         0.110742E-85
307         0.619140E-86
308         0.337868E-86
309         0.185891E-86
310         0.102248E-86
311         0.545321E-87
312         0.283544E-87
313         0.148562E-87
314         0.754458E-88
315         0.387825E-88
316         0.195640E-88
317         0.986629E-89
318         0.504072E-89
319         0.259626E-89
320         0.127800E-89
321         0.624904E-90
322         0.308046E-90
323         0.156590E-90
324         0.822675E-91
325         0.443197E-91
326         0.237580E-91
327         0.126809E-91
328         0.698165E-92
329         0.380182E-92
330         0.200832E-92
331         0.107260E-92
332         0.580555E-93
333         0.307367E-93
334         0.155252E-93
335         0.761759E-94
336         0.376310E-94
337         0.187340E-94
338         0.937468E-95
339         0.459489E-95
340         0.227926E-95
341         0.111715E-95
342         0.577988E-96
343         0.304347E-96
344         0.166395E-96
345         0.934750E-97
346         0.510806E-97
347         0.278424E-97
348         0.151431E-97
349         0.801691E-98
350         0.404533E-98
351         0.199164E-98
352         0.994765E-99
353         0.493953E-99
354         0.247553E-99
355         0.122769E-99
356         0.615691E-100
357         0.320245E-100
358         0.170974E-100
359         0.902534E-101
360         0.477123E-101
361         0.263488E-101
362         0.144768E-101
363         0.791576E-102
364         0.423119E-102
365         0.216870E-102
366         0.112329E-102
367         0.580023E-103
368         0.292476E-103
369         0.145332E-103
370         0.698919E-104
371         0.337766E-104
372         0.164259E-104
373         0.798425E-105
374         0.391539E-105
375         0.191109E-105
376         0.944722E-106
377         0.474424E-106
378         0.240192E-106
379         0.120788E-106
380         0.621094E-107
381         0.330297E-107
382         0.178276E-107
383         0.101105E-107
384         0.550893E-108
385         0.289212E-108
386         0.153932E-108
387         0.794084E-109
388         0.407155E-109
389         0.209062E-109
390         0.105928E-109
391         0.515447E-110
392         0.252507E-110
393         0.123820E-110
394         0.603835E-111
395         0.303360E-111
396         0.152764E-111
397         0.765271E-112
398         0.387060E-112
399         0.191073E-112
400         0.950088E-113
401         0.468690E-113
402         0.225838E-113
403         0.111591E-113
404         0.571368E-114
405         0.282041E-114
406         0.134963E-114
407         0.647504E-115
408         0.321148E-115
409         0.157470E-115
410         0.780058E-116
411         0.396874E-116
412         0.207932E-116
413         0.106627E-116
414         0.536406E-117
415         0.279144E-117
416         0.149386E-117
417         0.806639E-118
418         0.436811E-118
419         0.235728E-118
420         0.124545E-118
421         0.639616E-119
422         0.330813E-119
423         0.167719E-119
424         0.834842E-120
425         0.413166E-120
426         0.210018E-120
427         0.103778E-120
428         0.506938E-121
429         0.251396E-121
430         0.123158E-121
431         0.601697E-122
432         0.304746E-122
433         0.158837E-122
434         0.830743E-123
435         0.442946E-123
436         0.242091E-123
437         0.135084E-123
438         0.736101E-124
439         0.383381E-124
440         0.190591E-124
441         0.930562E-125
442         0.457971E-125
443         0.222669E-125
444         0.111881E-125
445         0.551982E-126
446         0.270298E-126
447         0.135776E-126
448         0.680807E-127
449         0.321757E-127
450         0.156199E-127
451         0.771573E-128
452         0.380190E-128
453         0.195315E-128
454         0.100239E-128
455         0.508691E-129
456         0.260041E-129
457         0.135212E-129
458         0.748862E-130
459         0.430215E-130
460         0.247023E-130
461         0.138906E-130
462         0.705268E-131
463         0.355666E-131
464         0.174734E-131
465         0.890783E-132
466         0.450158E-132
467         0.221148E-132
468         0.107784E-132
469         0.543628E-133
470         0.266065E-133
471         0.131967E-133
472         0.662662E-134
473         0.324645E-134
474         0.154207E-134
475         0.730892E-135
476         0.348787E-135
477         0.172232E-135
478         0.852390E-136
479         0.417492E-136
480         0.202802E-136
481         0.972347E-137
482         0.477861E-137
483         0.234856E-137
484         0.116958E-137
485         0.575346E-138
486         0.284829E-138
487         0.136915E-138
488         0.675671E-139
489         0.333558E-139
490         0.165652E-139
491         0.814849E-140
492         0.390758E-140
493         0.191624E-140
494         0.951225E-141
495         0.471398E-141
496         0.240097E-141
497         0.123762E-141
498         0.659903E-142
499         0.338721E-142
500         0.172369E-142
501         0.903575E-143
502         0.487986E-143
503         0.257966E-143
504         0.130972E-143
505         0.657748E-144
506         0.325833E-144
507         0.166236E-144
508         0.862562E-145
509         0.438375E-145
510         0.220693E-145
511         0.113700E-145
512         0.606264E-146
513         0.327604E-146
514         0.182569E-146
515         0.102341E-146
516         0.557718E-147
517         0.310315E-147
518         0.164970E-147
519         0.836521E-148
520         0.415835E-148
521         0.202052E-148
522         0.962784E-149
523         0.474416E-149
524         0.236207E-149
525         0.119461E-149
526         0.585431E-150
