1         0.139185E+01
2         0.531384E-01
3         0.201616E-02
4         0.767263E-04
5         0.291855E-05
6         0.112221E-06
7         0.434750E-08
8         0.162491E-09
9         0.604716E-11
10         0.229398E-12
11         0.874614E-14
12         0.330588E-15
13         0.122975E-16
14         0.470288E-18
15         0.178043E-19
16         0.680767E-21
17         0.257045E-22
18         0.988562E-24
19         0.380966E-25
20         0.148419E-26
21         0.580533E-28
22         0.221878E-29
23         0.818824E-31
24         0.307849E-32
25         0.114605E-33
26         0.429070E-35
27         0.164127E-36
28         0.622356E-38
29         0.236585E-39
30         0.907670E-41
31         0.344234E-42
32         0.130633E-43
33         0.480467E-45
34         0.178442E-46
35         0.668082E-48
36         0.251909E-49
37         0.944377E-51
38         0.362858E-52
39         0.135932E-53
40         0.508708E-55
41         0.193185E-56
42         0.733771E-58
43         0.277638E-59
44         0.104782E-60
45         0.396504E-62
46         0.147081E-63
47         0.561791E-65
48         0.213560E-66
49         0.799756E-68
50         0.307707E-69
51         0.113171E-70
52         0.418761E-72
53         0.156630E-73
54         0.588792E-75
55         0.222597E-76
56         0.835297E-78
57         0.313158E-79
58         0.117961E-80
59         0.445716E-82
60         0.165245E-83
61         0.619148E-85
62         0.233542E-86
63         0.878922E-88
64         0.337033E-89
65         0.129504E-90
66         0.481561E-92
67         0.180181E-93
68         0.676553E-95
69         0.255956E-96
70         0.935072E-98
71         0.351257E-99
72         0.132267E-100
73         0.492133E-102
74         0.184917E-103
75         0.695765E-105
76         0.260343E-106
77         0.959231E-108
78         0.355056E-109
79         0.132500E-110
80         0.501062E-112
81         0.189075E-113
82         0.708982E-115
83         0.258820E-116
84         0.980326E-118
85         0.374864E-119
86         0.140086E-120
87         0.532204E-122
88         0.196715E-123
89         0.728525E-125
90         0.272775E-126
91         0.103691E-127
92         0.384473E-129
93         0.145469E-130
94         0.541574E-132
95         0.200252E-133
96         0.754793E-135
97         0.284300E-136
98         0.104967E-137
99         0.392481E-139
100         0.146803E-140
101         0.538117E-142
102         0.200922E-143
103         0.757891E-145
104         0.286936E-146
105         0.106838E-147
106         0.394348E-149
107         0.148282E-150
