1         0.436419E-01
2         0.621152E-04
3         0.846069E-07
4         0.125095E-09
5         0.176472E-12
6         0.268464E-15
7         0.389868E-18
8         0.586074E-21
9         0.816264E-24
10         0.117088E-26
11         0.161925E-29
12         0.235669E-32
13         0.334573E-35
14         0.489777E-38
15         0.713518E-41
16         0.105428E-43
17         0.145730E-46
18         0.213858E-49
19         0.305549E-52
20         0.453235E-55
21         0.658443E-58
22         0.962718E-61
23         0.137633E-63
24         0.198851E-66
25         0.280463E-69
26         0.393137E-72
27         0.540319E-75
28         0.758258E-78
29         0.105343E-80
30         0.149311E-83
31         0.209628E-86
32         0.290291E-89
33         0.403389E-92
34         0.579841E-95
35         0.837354E-98
36         0.119638E-100
37         0.167762E-103
38         0.239485E-106
39         0.328182E-109
40         0.477535E-112
41         0.685429E-115
42         0.999680E-118
43         0.145163E-120
44         0.208648E-123
45         0.287923E-126
46         0.400472E-129
47         0.560433E-132
48         0.804171E-135
49         0.114572E-137
50         0.162515E-140
51         0.224674E-143
52         0.319853E-146
53         0.434864E-149
54         0.610385E-152
