1        4.339809E-002
2        6.174641E-005
3        8.274129E-008
4        1.224101E-010
5        1.729662E-013
6        2.667442E-016
7        3.904499E-019
8        5.991780E-022
9        8.724452E-025
10        1.340682E-027
11        2.010381E-030
12        3.196441E-033
13        4.842923E-036
14        7.356417E-039
15        1.047240E-041
16        1.560424E-044
17        2.274089E-047
18        3.430389E-050
19        5.061226E-053
20        7.629556E-056
21        1.096135E-058
22        1.664293E-061
23        2.451234E-064
24        3.584621E-067
25        5.072135E-070
26        7.339809E-073
27        1.026532E-075
28        1.434610E-078
29        1.976503E-081
30        2.793400E-084
31        3.916168E-087
32        5.588548E-090
33        7.843980E-093
34        1.121906E-095
35        1.545689E-098
36        2.235356E-101
37        3.111645E-104
38        4.485828E-107
39        6.301310E-110
40        9.091915E-113
41        1.262556E-115
42        1.779037E-118
43        2.504522E-121
44        3.540521E-124
45        4.882105E-127
46        6.691882E-130
47        9.235701E-133
48        1.341432E-135
49        1.880744E-138
50        2.655071E-141
51        3.607902E-144
52        5.056596E-147
53        7.036624E-150
54        1.009973E-152
