1        5.187761E-003
2        4.260769E-006
3        1.967091E-009
4        1.438402E-012
5        8.081963E-016
6        4.997533E-019
7        2.857497E-022
8        1.956983E-025
9        9.603913E-029
10        7.247766E-032
11        4.232409E-035
12        2.687046E-038
13        1.634327E-041
14        1.025103E-044
15        6.219479E-048
16        4.064594E-051
17        2.172929E-054
18        1.603229E-057
19        8.603196E-061
20        5.418920E-064
21        3.367525E-067
22        2.012597E-070
23        1.197935E-073
24        8.157806E-077
25        3.990188E-080
26        2.263917E-083
27        1.374697E-086
28        7.483092E-090
29        4.546187E-093
30        2.988945E-096
31        1.491964E-099
32        8.273149E-103
33        5.221775E-106
34        2.895112E-109
35        1.450315E-112
36        9.145796E-116
37        5.213768E-119
38        3.305535E-122
39        2.000601E-125
40        1.055295E-128
41        5.902133E-132
42        3.822819E-135
43        1.979605E-138
44        1.118839E-141
45        7.225128E-145
46        4.216252E-148
47        2.306247E-151
