1         0.607374E-02
2         0.526656E-05
3         0.358243E-08
4         0.353686E-11
5         0.213007E-14
6         0.179509E-17
7         0.118716E-20
8         0.989529E-24
9         0.620934E-27
10         0.408740E-30
11         0.289704E-33
12         0.240723E-36
13         0.181682E-39
14         0.147326E-42
15         0.910137E-46
16         0.656607E-49
17         0.374254E-52
18         0.235505E-55
19         0.124523E-58
20         0.843405E-62
21         0.491576E-65
22         0.362541E-68
23         0.225407E-71
24         0.128952E-74
25         0.723972E-78
26         0.390197E-81
27         0.237565E-84
28         0.160972E-87
29         0.113151E-90
30         0.837281E-94
31         0.469632E-97
32         0.268812E-100
33         0.143454E-103
34         0.744599E-107
35         0.380453E-110
36         0.208181E-113
37         0.978641E-117
38         0.464843E-120
39         0.223815E-123
40         0.117397E-126
41         0.539964E-130
42         0.278653E-133
43         0.139543E-136
44         0.745741E-140
45         0.340654E-143
46         0.180845E-146
47         0.882368E-150
