1         0.563480E+01
2         0.300778E+01
3         0.175075E+01
4         0.100965E+01
5         0.517864E+00
6         0.251514E+00
7         0.137136E+00
8         0.738513E-01
9         0.395418E-01
10         0.210677E-01
11         0.110619E-01
12         0.573691E-02
13         0.305128E-02
14         0.148846E-02
15         0.779407E-03
16         0.434697E-03
17         0.227149E-03
18         0.115241E-03
19         0.610919E-04
20         0.336503E-04
21         0.168971E-04
22         0.845358E-05
23         0.439155E-05
24         0.225401E-05
25         0.119189E-05
26         0.595765E-06
27         0.299091E-06
28         0.155580E-06
29         0.852402E-07
30         0.450913E-07
31         0.229355E-07
32         0.120007E-07
33         0.624369E-08
34         0.328104E-08
35         0.176532E-08
36         0.964720E-09
37         0.489053E-09
38         0.238159E-09
39         0.123796E-09
40         0.611482E-10
41         0.301553E-10
42         0.145098E-10
43         0.753847E-11
44         0.386819E-11
45         0.212296E-11
46         0.108699E-11
47         0.558626E-12
48         0.290946E-12
49         0.140527E-12
50         0.646103E-13
51         0.306367E-13
52         0.148076E-13
53         0.750559E-14
54         0.365478E-14
55         0.178855E-14
56         0.881537E-15
57         0.403061E-15
58         0.200437E-15
59         0.105030E-15
60         0.547652E-16
61         0.260606E-16
62         0.123121E-16
63         0.606053E-17
64         0.291764E-17
65         0.140491E-17
66         0.707791E-18
67         0.331635E-18
68         0.164121E-18
69         0.767058E-19
70         0.374924E-19
71         0.168888E-19
72         0.781662E-20
73         0.352368E-20
74         0.151034E-20
75         0.700357E-21
76         0.321424E-21
77         0.162097E-21
78         0.756166E-22
79         0.354673E-22
80         0.163355E-22
81         0.743003E-23
82         0.349273E-23
83         0.167566E-23
84         0.811398E-24
85         0.383458E-24
86         0.166054E-24
87         0.727907E-25
88         0.321419E-25
89         0.158868E-25
90         0.696690E-26
91         0.299376E-26
92         0.133072E-26
93         0.650528E-27
94         0.288167E-27
95         0.121531E-27
96         0.574668E-28
97         0.292085E-28
98         0.130689E-28
99         0.573869E-29
100         0.242767E-29
101         0.105451E-29
102         0.478576E-30
103         0.195785E-30
104         0.764867E-31
105         0.332148E-31
106         0.152590E-31
107         0.690585E-32
108         0.282992E-32
109         0.126880E-32
110         0.539979E-33
111         0.232931E-33
112         0.104868E-33
113         0.493667E-34
114         0.236227E-34
115         0.102061E-34
116         0.446584E-35
117         0.202049E-35
118         0.837618E-36
119         0.345482E-36
120         0.155207E-36
121         0.710672E-37
122         0.351382E-37
123         0.175303E-37
124         0.871424E-38
125         0.458374E-38
126         0.243670E-38
127         0.144250E-38
128         0.863453E-39
129         0.427873E-39
130         0.191728E-39
131         0.842536E-40
132         0.342480E-40
133         0.145134E-40
134         0.593321E-41
135         0.256954E-41
136         0.111240E-41
137         0.535230E-42
138         0.297108E-42
139         0.180368E-42
140         0.976948E-43
141         0.490832E-43
142         0.220499E-43
143         0.989843E-44
144         0.409951E-44
145         0.182774E-44
146         0.802842E-45
147         0.347841E-45
148         0.150286E-45
149         0.630357E-46
150         0.252496E-46
151         0.111344E-46
152         0.486075E-47
153         0.226505E-47
154         0.113312E-47
155         0.638324E-48
156         0.371249E-48
157         0.199670E-48
158         0.103743E-48
159         0.490810E-49
160         0.212351E-49
161         0.920393E-50
162         0.433028E-50
163         0.185619E-50
164         0.772339E-51
165         0.323937E-51
166         0.140981E-51
167         0.622068E-52
168         0.314569E-52
169         0.179902E-52
170         0.104343E-52
171         0.516575E-53
172         0.220759E-53
173         0.900225E-54
174         0.377080E-54
175         0.168997E-54
176         0.736627E-55
177         0.316631E-55
178         0.136180E-55
179         0.574399E-56
180         0.268155E-56
181         0.150493E-56
182         0.813899E-57
183         0.460038E-57
184         0.237574E-57
185         0.105424E-57
186         0.415045E-58
187         0.163319E-58
188         0.628175E-59
189         0.266623E-59
190         0.109527E-59
191         0.443409E-60
192         0.182627E-60
193         0.845714E-61
194         0.408422E-61
195         0.217311E-61
196         0.125987E-61
197         0.628675E-62
198         0.262587E-62
199         0.112447E-62
200         0.463095E-63
201         0.167556E-63
202         0.679355E-64
203         0.309706E-64
204         0.156868E-64
205         0.860159E-65
206         0.475577E-65
207         0.221035E-65
208         0.922059E-66
209         0.353559E-66
210         0.127787E-66
211         0.444461E-67
212         0.177588E-67
213         0.704285E-68
214         0.320732E-68
215         0.159832E-68
216         0.800576E-69
217         0.414664E-69
218         0.193760E-69
219         0.810534E-70
220         0.352428E-70
221         0.164488E-70
222         0.916600E-71
223         0.537977E-71
224         0.335555E-71
225         0.174279E-71
226         0.670206E-72
227         0.238097E-72
228         0.880997E-73
229         0.336439E-73
230         0.137363E-73
231         0.562708E-74
232         0.257070E-74
233         0.126543E-74
234         0.696832E-75
235         0.342217E-75
236         0.154952E-75
237         0.599891E-76
238         0.277918E-76
239         0.168222E-76
240         0.105947E-76
241         0.589149E-77
242         0.284980E-77
243         0.112274E-77
244         0.415487E-78
245         0.145892E-78
246         0.579768E-79
247         0.278300E-79
248         0.132103E-79
249         0.640671E-80
250         0.307214E-80
251         0.154009E-80
252         0.795814E-81
253         0.344044E-81
254         0.150042E-81
255         0.525134E-82
256         0.206010E-82
257         0.744005E-83
258         0.301488E-83
259         0.136377E-83
260         0.694338E-84
261         0.472468E-84
262         0.275672E-84
263         0.990209E-85
264         0.354715E-85
265         0.125296E-85
266         0.526642E-86
267         0.222085E-86
268         0.947510E-87
269         0.456624E-87
270         0.236846E-87
271         0.109318E-87
272         0.470105E-88
273         0.172628E-88
274         0.690170E-89
275         0.283852E-89
276         0.990876E-90
277         0.424217E-90
278         0.232232E-90
279         0.143169E-90
280         0.804121E-91
281         0.362646E-91
282         0.162936E-91
283         0.807294E-92
284         0.439902E-92
285         0.202260E-92
286         0.687190E-93
287         0.262373E-93
288         0.105355E-93
289         0.429715E-94
290         0.166207E-94
291         0.830260E-95
292         0.428266E-95
293         0.163578E-95
294         0.620643E-96
295         0.261517E-96
296         0.106149E-96
297         0.366006E-97
298         0.164648E-97
299         0.964121E-98
300         0.568492E-98
301         0.260549E-98
302         0.102360E-98
303         0.512958E-99
304         0.314117E-99
305         0.157632E-99
306         0.618995E-100
307         0.241923E-100
308         0.951061E-101
309         0.410974E-101
310         0.199724E-101
311         0.993187E-102
312         0.468283E-102
313         0.191942E-102
314         0.712842E-103
315         0.240378E-103
316         0.104609E-103
317         0.664905E-104
318         0.413746E-104
319         0.226946E-104
320         0.118862E-104
321         0.594713E-105
322         0.291242E-105
323         0.123340E-105
324         0.514004E-106
325         0.223608E-106
326         0.940470E-107
327         0.404892E-107
328         0.198066E-107
329         0.113237E-107
330         0.631025E-108
331         0.314860E-108
332         0.137895E-108
333         0.696637E-109
334         0.373063E-109
335         0.186179E-109
336         0.801518E-110
337         0.414458E-110
338         0.273932E-110
339         0.159866E-110
340         0.634961E-111
341         0.219211E-111
342         0.100329E-111
343         0.485087E-112
344         0.226906E-112
345         0.867371E-113
346         0.288828E-113
347         0.113205E-113
348         0.510564E-114
349         0.322589E-114
350         0.165016E-114
351         0.721677E-115
352         0.262983E-115
353         0.914144E-116
354         0.347129E-116
355         0.128495E-116
356         0.596098E-117
357         0.295985E-117
358         0.131573E-117
359         0.511240E-118
360         0.171968E-118
361         0.610886E-119
362         0.257504E-119
363         0.159561E-119
364         0.869057E-120
365         0.399735E-120
366         0.183860E-120
367         0.103897E-120
368         0.596587E-121
369         0.275730E-121
370         0.124610E-121
371         0.762784E-122
372         0.365071E-122
373         0.137621E-122
374         0.520470E-123
375         0.186131E-123
376         0.633442E-124
377         0.221316E-124
378         0.981294E-125
379         0.521997E-125
380         0.208744E-125
381         0.732406E-126
382         0.228607E-126
383         0.719442E-127
384         0.317445E-127
385         0.185759E-127
386         0.911675E-128
387         0.349030E-128
388         0.124762E-128
389         0.621940E-129
390         0.419800E-129
391         0.208254E-129
392         0.846799E-130
393         0.402122E-130
394         0.257003E-130
395         0.139454E-130
396         0.594177E-131
397         0.280978E-131
398         0.155190E-131
399         0.774643E-132
400         0.284649E-132
401         0.847864E-133
402         0.242482E-133
403         0.971049E-134
404         0.474491E-134
405         0.237914E-134
406         0.867185E-135
407         0.298881E-135
408         0.991832E-136
409         0.399203E-136
410         0.284661E-136
411         0.194673E-136
412         0.895583E-137
413         0.334390E-137
414         0.175614E-137
415         0.100114E-137
416         0.382091E-138
417         0.162147E-138
418         0.825656E-139
419         0.456524E-139
420         0.198755E-139
421         0.734704E-140
422         0.251816E-140
423         0.102023E-140
424         0.566028E-141
425         0.351195E-141
426         0.197730E-141
427         0.103593E-141
428         0.516181E-142
429         0.192338E-142
430         0.679285E-143
431         0.250316E-143
432         0.104183E-143
433         0.459561E-144
434         0.211332E-144
435         0.967866E-145
436         0.419197E-145
437         0.237682E-145
438         0.146958E-145
439         0.656822E-146
440         0.238747E-146
441         0.803631E-147
442         0.284066E-147
443         0.111053E-147
444         0.488365E-148
445         0.222630E-148
446         0.862025E-149
447         0.264241E-149
448         0.844579E-150
