1         0.169629E+00
2         0.269902E-02
3         0.416528E-04
4         0.620290E-06
5         0.932722E-08
6         0.141085E-09
7         0.202184E-11
8         0.313320E-13
9         0.450220E-15
10         0.673963E-17
11         0.934405E-19
12         0.135507E-20
13         0.191189E-22
14         0.265965E-24
15         0.362693E-26
16         0.500419E-28
17         0.707984E-30
18         0.985226E-32
19         0.142480E-33
20         0.192642E-35
21         0.259950E-37
22         0.356066E-39
23         0.503373E-41
24         0.760602E-43
25         0.111587E-44
26         0.166560E-46
27         0.243755E-48
28         0.365242E-50
29         0.534509E-52
30         0.803667E-54
31         0.118358E-55
32         0.160485E-57
33         0.216926E-59
34         0.299604E-61
35         0.439372E-63
36         0.638608E-65
37         0.832385E-67
38         0.115703E-68
39         0.169960E-70
40         0.242264E-72
41         0.338551E-74
42         0.470262E-76
43         0.622012E-78
44         0.833564E-80
45         0.113252E-81
46         0.150617E-83
47         0.204395E-85
48         0.283688E-87
49         0.404454E-89
50         0.549899E-91
51         0.735894E-93
52         0.108247E-94
53         0.145431E-96
54         0.187716E-98
55         0.248337E-100
56         0.324634E-102
57         0.407126E-104
58         0.553193E-106
59         0.719049E-108
60         0.969627E-110
61         0.130049E-111
62         0.174203E-113
63         0.231734E-115
64         0.312176E-117
65         0.412331E-119
66         0.539286E-121
67         0.688753E-123
68         0.885546E-125
69         0.110762E-126
70         0.142260E-128
71         0.192319E-130
72         0.271669E-132
73         0.341907E-134
74         0.440332E-136
75         0.562970E-138
76         0.694993E-140
77         0.917138E-142
78         0.121924E-143
79         0.169160E-145
80         0.235021E-147
81         0.329107E-149
82         0.503858E-151
