1         0.189941E+01
2         0.284886E+00
3         0.452772E-01
4         0.685007E-02
5         0.108136E-02
6         0.171317E-03
7         0.264841E-04
8         0.397770E-05
9         0.622439E-06
10         0.944211E-07
11         0.146865E-07
12         0.229938E-08
13         0.343426E-09
14         0.553243E-10
15         0.872700E-11
16         0.136214E-11
17         0.217272E-12
18         0.330676E-13
19         0.506477E-14
20         0.816175E-15
21         0.125248E-15
22         0.181781E-16
23         0.300345E-17
24         0.477824E-18
25         0.745495E-19
26         0.113588E-19
27         0.177625E-20
28         0.270301E-21
29         0.390923E-22
30         0.566719E-23
31         0.834918E-24
32         0.130234E-24
33         0.198762E-25
34         0.287672E-26
35         0.463090E-27
36         0.691482E-28
37         0.115184E-28
38         0.174243E-29
39         0.243079E-30
40         0.340584E-31
41         0.480165E-32
42         0.715897E-33
43         0.107067E-33
44         0.159039E-34
45         0.226518E-35
46         0.340523E-36
47         0.452940E-37
48         0.644257E-38
49         0.945279E-39
50         0.134361E-39
51         0.186816E-40
52         0.273388E-41
53         0.408442E-42
54         0.595396E-43
55         0.850494E-44
56         0.121545E-44
57         0.166814E-45
58         0.235992E-46
59         0.363106E-47
60         0.538715E-48
61         0.754068E-49
62         0.109569E-49
63         0.156292E-50
64         0.238590E-51
65         0.332188E-52
66         0.452635E-53
67         0.618894E-54
68         0.876031E-55
69         0.123396E-55
70         0.171743E-56
71         0.241688E-57
72         0.340610E-58
73         0.509661E-59
74         0.709407E-60
75         0.104142E-60
76         0.147918E-61
77         0.226649E-62
78         0.324788E-63
79         0.460963E-64
80         0.655618E-65
81         0.909088E-66
82         0.120733E-66
83         0.171718E-67
84         0.254998E-68
85         0.344993E-69
86         0.484658E-70
87         0.685346E-71
88         0.908511E-72
89         0.121574E-72
90         0.163749E-73
91         0.220264E-74
92         0.283928E-75
93         0.372425E-76
94         0.507126E-77
95         0.659484E-78
96         0.872375E-79
97         0.124220E-79
98         0.169992E-80
99         0.224300E-81
100         0.302010E-82
101         0.433373E-83
102         0.631142E-84
103         0.997155E-85
104         0.153317E-85
105         0.247865E-86
106         0.416392E-87
107         0.632813E-88
108         0.932703E-89
109         0.127273E-89
110         0.173259E-90
111         0.227603E-91
112         0.290760E-92
113         0.389793E-93
114         0.490893E-94
115         0.644181E-95
116         0.888369E-96
117         0.122177E-96
118         0.163558E-97
119         0.216385E-98
120         0.300036E-99
121         0.485227E-100
122         0.799399E-101
123         0.134206E-101
124         0.213795E-102
125         0.304797E-103
126         0.410967E-104
127         0.540736E-105
128         0.725758E-106
129         0.100868E-106
130         0.129928E-107
131         0.192986E-108
132         0.290818E-109
133         0.451724E-110
134         0.673290E-111
135         0.100862E-111
136         0.137018E-112
137         0.187901E-113
138         0.264678E-114
139         0.349285E-115
140         0.455348E-116
141         0.589596E-117
142         0.882741E-118
143         0.135043E-118
144         0.207685E-119
145         0.316707E-120
146         0.477219E-121
147         0.740147E-122
148         0.110987E-122
149         0.148964E-123
150         0.189315E-124
151         0.246209E-125
152         0.324390E-126
153         0.410672E-127
154         0.555981E-128
155         0.653076E-129
156         0.821722E-130
157         0.114049E-130
158         0.144755E-131
159         0.201914E-132
160         0.280157E-133
161         0.366504E-134
162         0.477861E-135
163         0.676854E-136
164         0.887066E-137
165         0.116724E-137
166         0.137431E-138
167         0.171744E-139
168         0.233612E-140
169         0.318427E-141
170         0.408991E-142
171         0.598776E-143
172         0.999656E-144
173         0.169006E-144
174         0.260000E-145
175         0.347334E-146
176         0.434361E-147
177         0.593628E-148
178         0.834078E-149
179         0.121143E-149
180         0.174988E-150
