1         0.164572E+02
2         0.458350E+02
3         0.124536E+02
4         0.200736E+02
5         0.338248E+02
6         0.143857E+02
7         0.314577E+02
8         0.245261E+02
9         0.144985E+02
10         0.473514E+02
11         0.192150E+02
12         0.156158E+02
13         0.188358E+03
14         0.149287E+02
15         0.180904E+02
16         0.700512E+02
17         0.137261E+02
18         0.179840E+02
19         0.482826E+02
20         0.143188E+02
21         0.261007E+02
22         0.259631E+02
23         0.152655E+02
24         0.683712E+02
25         0.192727E+02
26         0.181124E+02
27         0.922496E+02
28         0.143736E+02
29         0.181577E+02
30         0.512046E+02
31         0.140624E+02
32         0.204156E+02
33         0.287672E+02
34         0.135375E+02
35         0.300909E+02
36         0.202939E+02
37         0.140047E+02
38         0.710589E+02
39         0.154978E+02
40         0.131867E+02
41         0.958459E+02
42         0.138024E+02
43         0.130755E+02
44         0.259653E+03
45         0.128931E+02
46         0.143277E+02
47         0.557980E+02
48         0.113748E+02
49         0.139724E+02
50         0.379509E+02
51         0.107883E+02
52         0.187830E+02
53         0.212081E+02
54         0.107648E+02
55         0.282640E+02
56         0.158843E+02
57         0.106463E+02
58         0.350179E+02
59         0.161162E+02
60         0.121532E+02
61         0.552877E+02
62         0.177649E+02
63         0.133883E+02
64         0.795063E+02
65         0.155313E+02
66         0.138056E+02
67         0.560827E+03
68         0.136765E+02
69         0.141926E+02
70         0.872677E+02
71         0.121467E+02
72         0.163066E+02
73         0.384996E+02
74         0.117137E+02
75         0.154576E+02
76         0.355419E+02
77         0.109056E+02
78         0.166428E+02
79         0.258533E+02
80         0.103432E+02
81         0.189540E+02
82         0.221538E+02
83         0.101273E+02
84         0.226088E+02
85         0.171020E+02
86         0.112149E+02
87         0.458204E+02
88         0.146438E+02
89         0.105769E+02
90         0.347305E+02
91         0.155198E+02
92         0.111830E+02
93         0.638857E+02
94         0.132811E+02
95         0.109138E+02
96         0.633875E+02
97         0.122937E+02
98         0.116062E+02
99         0.246515E+03
100         0.121051E+02
101         0.128385E+02
102         0.870332E+02
103         0.969869E+01
104         0.119375E+02
105         0.767785E+02
106         0.103836E+02
107         0.118458E+02
108         0.681196E+02
109         0.104270E+02
110         0.117263E+02
111         0.674014E+02
112         0.994256E+01
113         0.106774E+02
114         0.482920E+02
115         0.858144E+01
116         0.111300E+02
117         0.351092E+02
118         0.895368E+01
119         0.130216E+02
120         0.305449E+02
121         0.963159E+01
122         0.195031E+02
123         0.159454E+02
124         0.106170E+02
125         0.156536E+03
126         0.101197E+02
127         0.986414E+01
128         0.652582E+02
129         0.942170E+01
130         0.104699E+02
131         0.653979E+02
132         0.115426E+02
133         0.936436E+01
134         0.563140E+02
135         0.115875E+02
136         0.117533E+02
137         0.294563E+02
138         0.880397E+01
139         0.155594E+02
140         0.203680E+02
141         0.909727E+01
142         0.186418E+02
143         0.161543E+02
144         0.801938E+01
145         0.175904E+02
146         0.138507E+02
147         0.854607E+01
148         0.235805E+02
149         0.155949E+02
150         0.930326E+01
151         0.170546E+02
152         0.250215E+02
153         0.117190E+02
154         0.551106E+02
155         0.128280E+02
156         0.103887E+02
157         0.955692E+02
158         0.107753E+02
159         0.829785E+01
160         0.238861E+02
161         0.121970E+02
162         0.788144E+01
163         0.238795E+02
164         0.121444E+02
165         0.718217E+01
166         0.181498E+02
167         0.997369E+01
168         0.777155E+01
169         0.713639E+03
170         0.673575E+01
171         0.844829E+01
172         0.506853E+02
173         0.738113E+01
174         0.928379E+01
175         0.651733E+02
176         0.883723E+01
177         0.838853E+01
178         0.171839E+03
179         0.919527E+01
180         0.972995E+01
181         0.221135E+02
182         0.645820E+01
183         0.905043E+01
184         0.180620E+02
185         0.614003E+01
186         0.900241E+01
187         0.234587E+02
188         0.629171E+01
189         0.744991E+01
190         0.720498E+02
191         0.715334E+01
192         0.717364E+01
193         0.595124E+03
194         0.677584E+01
195         0.810004E+01
196         0.250112E+02
197         0.581955E+01
198         0.704108E+01
199         0.396699E+02
200         0.686345E+01
201         0.717766E+01
202         0.516049E+04
203         0.738199E+01
204         0.642095E+01
205         0.246686E+03
206         0.614831E+01
207         0.794219E+01
208         0.200304E+02
209         0.598120E+01
210         0.911005E+01
211         0.137559E+02
212         0.666804E+01
213         0.208819E+03
214         0.609748E+01
215         0.559720E+01
216         0.295628E+02
217         0.620400E+01
218         0.526951E+01
219         0.517714E+02
220         0.505673E+01
221         0.724189E+01
222         0.198749E+02
223         0.539306E+01
224         0.585637E+01
225         0.102144E+03
226         0.528012E+01
227         0.556683E+01
228         0.209723E+02
229         0.526433E+01
230         0.109165E+02
231         0.892803E+01
232         0.468307E+01
233         0.136659E+02
234         0.563454E+01
235         0.488588E+01
236         0.146516E+06
237         0.588220E+01
238         0.506983E+01
239         0.129227E+02
240         0.833498E+01
241         0.449958E+01
242         0.103433E+02
243         0.841567E+01
244         0.442103E+01
245         0.832197E+01
246         0.111528E+02
247         0.547715E+01
248         0.169333E+02
249         0.783786E+01
250         0.434743E+01
251         0.722519E+01
252         0.112247E+02
253         0.547128E+01
254         0.166564E+02
255         0.747314E+01
256         0.474716E+01
257         0.123433E+02
258         0.798696E+01
259         0.485037E+01
260         0.146879E+02
261         0.572758E+01
262         0.453100E+01
263         0.221689E+02
264         0.603017E+01
265         0.432275E+01
266         0.107499E+02
267         0.736177E+01
268         0.419408E+01
269         0.102466E+02
270         0.660930E+01
271         0.498775E+01
272         0.140917E+03
273         0.490763E+01
274         0.519659E+01
275         0.553100E+02
276         0.480337E+01
277         0.914501E+01
278         0.709010E+01
279         0.393976E+01
280         0.874504E+01
281         0.667193E+01
282         0.311573E+01
283         0.415777E+01
284         0.104382E+02
285         0.345539E+01
286         0.585853E+01
287         0.601543E+01
288         0.255980E+01
289         0.446383E+01
290         0.570997E+01
291         0.317378E+01
292         0.255294E+02
293         0.362516E+01
294         0.268801E+01
295         0.133827E+02
296         0.387616E+01
297         0.355142E+01
298         0.450731E+02
299         0.319230E+01
300         0.242092E+01
301         0.777302E+01
302         0.419208E+01
303         0.280082E+01
304         0.671438E+01
305         0.500166E+01
306         0.283475E+01
307         0.549767E+01
308         0.710651E+01
309         0.341246E+01
310         0.104072E+02
311         0.433276E+01
312         0.325904E+01
313         0.322784E+02
314         0.428024E+01
315         0.376160E+01
316         0.387358E+02
317         0.290636E+01
318         0.289847E+01
319         0.318124E+02
320         0.302927E+01
321         0.509551E+01
322         0.539314E+01
323         0.220864E+01
324         0.271832E+01
325         0.319216E+02
326         0.304502E+01
327         0.374905E+01
328         0.592124E+01
329         0.216738E+01
330         0.242140E+01
331         0.250531E+02
332         0.259155E+01
333         0.294489E+01
334         0.443429E+01
335         0.198625E+01
336         0.382835E+01
337         0.376461E+01
338         0.245273E+01
339         0.111777E+02
340         0.312777E+01
341         0.208931E+01
342         0.110623E+02
343         0.231506E+01
344         0.222987E+01
345         0.911626E+01
346         0.289472E+01
347         0.215011E+01
348         0.116533E+02
349         0.271000E+01
350         0.219080E+01
351         0.141994E+02
352         0.242469E+01
353         0.311489E+01
354         0.364446E+01
355         0.182332E+01
356         0.275997E+01
357         0.111130E+02
358         0.204711E+01
359         0.233421E+01
360         0.675930E+01
361         0.178924E+01
362         0.189695E+01
363         0.391230E+02
364         0.189202E+01
365         0.267858E+01
366         0.754297E+01
367         0.225869E+01
368         0.521545E+01
369         0.390497E+01
370         0.206551E+01
371         0.303686E+01
372         0.571177E+01
373         0.208678E+01
374         0.627765E+01
375         0.320132E+01
376         0.268892E+01
377         0.878578E+01
378         0.203904E+01
379         0.225557E+01
380         0.592366E+02
381         0.237776E+01
382         0.248449E+01
383         0.116233E+02
384         0.190074E+01
385         0.220819E+01
386         0.117785E+02
387         0.333767E+01
388         0.251352E+01
389         0.257067E+02
390         0.293441E+01
391         0.247167E+01
392         0.159281E+02
393         0.311200E+01
394         0.532539E+01
395         0.471666E+01
396         0.228352E+01
397         0.330071E+01
398         0.507864E+01
399         0.216826E+01
400         0.286901E+01
401         0.158794E+02
402         0.232660E+01
403         0.233467E+01
404         0.320091E+02
405         0.271131E+01
406         0.225777E+01
407         0.830471E+01
408         0.378256E+01
409         0.347848E+01
410         0.151695E+02
411         0.257244E+01
412         0.193560E+01
413         0.363710E+01
414         0.416581E+01
415         0.190510E+01
416         0.582745E+01
417         0.297200E+01
418         0.215384E+01
419         0.564514E+01
420         0.260820E+01
421         0.197759E+01
422         0.671073E+01
423         0.213025E+01
424         0.165893E+01
425         0.832740E+01
426         0.191052E+01
427         0.170131E+01
428         0.739660E+01
429         0.206297E+01
430         0.205840E+01
431         0.762522E+02
432         0.205366E+01
433         0.207677E+01
434         0.116604E+02
435         0.201752E+01
436         0.266266E+01
437         0.546432E+01
438         0.195937E+01
439         0.408349E+01
440         0.420146E+01
441         0.205683E+01
442         0.228280E+02
443         0.193911E+01
444         0.176374E+01
445         0.530881E+01
446         0.246343E+01
447         0.227945E+01
448         0.767130E+01
449         0.303489E+01
450         0.246926E+01
451         0.152011E+02
452         0.207126E+01
453         0.212206E+01
454         0.468663E+02
455         0.237642E+01
456         0.249943E+01
457         0.513316E+01
458         0.198863E+01
459         0.468410E+01
460         0.413319E+01
461         0.217131E+01
462         0.562045E+01
463         0.343042E+01
464         0.245167E+01
465         0.774721E+01
466         0.297566E+01
467         0.240075E+01
468         0.289044E+02
469         0.261126E+01
470         0.211344E+01
471         0.281590E+02
472         0.200410E+01
473         0.210685E+01
474         0.109799E+02
475         0.177367E+01
476         0.235293E+01
477         0.111791E+02
478         0.183355E+01
479         0.482647E+01
480         0.210656E+01
481         0.142381E+01
482         0.418718E+01
483         0.187727E+01
484         0.137552E+01
485         0.423904E+01
486         0.266013E+01
487         0.182762E+01
488         0.146866E+02
489         0.226003E+01
490         0.174972E+01
491         0.170290E+02
492         0.195148E+01
493         0.162191E+01
494         0.261163E+01
495         0.396886E+01
496         0.206041E+01
497         0.412203E+01
498         0.482901E+01
499         0.251162E+01
500         0.532689E+01
501         0.618054E+01
502         0.218080E+01
503         0.697877E+01
504         0.224717E+01
505         0.229875E+01
506         0.304141E+02
507         0.190346E+01
508         0.184784E+01
509         0.498721E+01
510         0.476526E+01
511         0.252889E+01
512         0.482214E+01
