1         0.233385E-01
2         0.196369E-03
3         0.920937E-06
4         0.546348E-08
5         0.245387E-10
6         0.128799E-12
7         0.810919E-15
8         0.465493E-17
9         0.215926E-19
10         0.111861E-21
11         0.390378E-24
12         0.215126E-26
13         0.130535E-28
14         0.681350E-31
15         0.375313E-33
16         0.211959E-35
17         0.925677E-38
18         0.436321E-40
19         0.393697E-42
20         0.622691E-45
21         0.181514E-47
22         0.357357E-50
23         0.348252E-53
24         0.900930E-57
25         0.167497E-66
26         0.157585E-68
27         0.173605E-71
28         0.163986E-73
29         0.393792E-76
30         0.326458E-78
31         0.546285E-81
32         0.316241E-83
33         0.614891E-86
34         0.542729E-88
35         0.190352E-90
36         0.131534E-92
37         0.589062E-95
38         0.255547E-97
39         0.181169E-99
40         0.803528E-102
41         0.129872E-104
42         0.361864E-107
43         0.495234E-110
44         0.725672E-113
45         0.145306E-115
46         0.223579E-118
47         0.451157E-121
48         0.357005E-124
49         0.495624E-128
50         0.396211E-133
51         0.359098E-135
52         0.120512E-138
53         0.939524E-141
54         0.344147E-144
55         0.282360E-146
56         0.584548E-149
57         0.479345E-151
