1         0.691760E+00
2         0.116130E+00
3         0.224097E-01
4         0.400162E-02
5         0.613793E-03
6         0.993057E-04
7         0.132504E-04
8         0.200504E-05
9         0.276157E-06
10         0.373122E-07
11         0.602900E-08
12         0.852818E-09
13         0.115989E-09
14         0.160908E-10
15         0.226285E-11
16         0.302009E-12
17         0.329974E-13
18         0.381527E-14
19         0.432556E-15
20         0.496273E-16
21         0.559857E-17
22         0.739394E-18
23         0.871455E-19
24         0.131793E-19
25         0.169121E-20
26         0.172340E-21
27         0.178357E-22
28         0.180293E-23
29         0.189831E-24
30         0.153327E-25
31         0.121569E-26
32         0.102439E-27
33         0.100094E-28
34         0.896688E-30
35         0.759260E-31
36         0.426208E-32
37         0.267694E-33
38         0.230190E-34
39         0.161731E-35
40         0.132416E-36
41         0.108676E-37
42         0.147369E-38
43         0.232314E-39
44         0.389382E-40
45         0.491867E-41
46         0.394327E-42
47         0.253546E-43
48         0.218235E-44
49         0.151378E-45
50         0.122132E-46
51         0.753213E-48
52         0.649037E-49
53         0.797874E-50
54         0.569256E-51
55         0.405732E-52
56         0.203124E-53
57         0.230109E-54
58         0.173763E-55
59         0.134564E-56
60         0.190830E-57
61         0.354882E-58
62         0.278206E-59
63         0.896816E-61
64         0.746648E-62
