1         0.175929E+01
2         0.618761E+00
3         0.228653E+00
4         0.101310E+00
5         0.411568E-01
6         0.236836E-01
7         0.127388E-01
8         0.655561E-02
9         0.253572E-02
10         0.976056E-03
11         0.400654E-03
12         0.180328E-03
13         0.904909E-04
14         0.454032E-04
15         0.265142E-04
16         0.117909E-04
17         0.393323E-05
18         0.148972E-05
19         0.566457E-06
20         0.213514E-06
21         0.834512E-07
22         0.325834E-07
23         0.113125E-07
24         0.413993E-08
25         0.149847E-08
26         0.647908E-09
27         0.226905E-09
28         0.640712E-10
29         0.203879E-10
30         0.700863E-11
31         0.226595E-11
32         0.604818E-12
33         0.206889E-12
34         0.490514E-13
35         0.150599E-13
36         0.369838E-14
37         0.128059E-14
38         0.385338E-15
39         0.138519E-15
40         0.305700E-16
41         0.753802E-17
42         0.213407E-17
43         0.465985E-18
44         0.111693E-18
45         0.218486E-19
46         0.728188E-20
47         0.168538E-20
48         0.274948E-21
49         0.589539E-22
50         0.127793E-22
51         0.278963E-23
52         0.486015E-24
53         0.773910E-25
54         0.227649E-25
55         0.148144E-25
56         0.552578E-26
57         0.121889E-26
58         0.383994E-27
59         0.296124E-27
60         0.103920E-27
61         0.188641E-28
62         0.270108E-29
63         0.575436E-30
64         0.852254E-31
