1         0.266233E+00
2         0.210886E-01
3         0.110994E-02
4         0.591893E-04
5         0.272869E-05
6         0.183404E-06
7         0.105992E-07
8         0.566383E-09
9         0.240364E-10
10         0.126583E-11
11         0.544315E-13
12         0.288346E-14
13         0.117544E-15
14         0.593801E-17
15         0.360096E-18
16         0.176217E-19
17         0.664326E-21
18         0.300663E-22
19         0.136532E-23
20         0.559508E-25
21         0.222024E-26
22         0.102026E-27
23         0.437908E-29
24         0.141860E-30
25         0.435981E-32
26         0.183106E-33
27         0.833688E-35
28         0.227786E-36
29         0.598060E-38
30         0.227363E-39
31         0.490042E-41
32         0.160050E-42
33         0.367532E-44
34         0.795443E-46
35         0.177288E-47
36         0.544598E-49
37         0.101597E-50
38         0.258949E-52
39         0.544773E-54
40         0.142459E-55
41         0.785417E-57
42         0.220603E-58
43         0.386494E-60
44         0.868185E-62
45         0.579784E-63
46         0.453519E-64
47         0.147093E-65
48         0.134054E-67
49         0.314836E-69
50         0.146340E-70
51         0.307066E-72
52         0.630515E-74
53         0.202997E-75
54         0.357432E-77
55         0.143317E-78
56         0.990803E-81
57         0.597824E-82
58         0.286707E-83
59         0.654317E-86
60         0.327290E-87
61         0.179475E-88
62         0.104126E-90
63         0.509765E-92
64         0.231206E-93
