1        8.042803E-004
2        2.348194E-007
3        1.083928E-010
4        2.818961E-014
5        6.612039E-018
6        1.379597E-021
7        1.314769E-035
8        4.213735E-039
9        1.565314E-042
10        2.386343E-046
11        3.532799E-050
12        1.019054E-053
13        1.321532E-057
14        2.835185E-070
15        9.500406E-075
16        1.342298E-078
17        2.895083E-082
18        1.005934E-085
19        1.015083E-089
20        2.126556E-093
21        1.015634E-104
22        7.454080E-110
23        3.466707E-114
24        7.053366E-118
25        1.077806E-121
26        2.778582E-125
27        4.451385E-129
28        3.934033E-139
29        2.010818E-145
30        2.316851E-149
31        8.222002E-154
