1        8.679180E-002
2        1.578000E-004
3        2.854852E-007
4        5.315046E-010
5        9.776533E-013
6        1.830528E-015
7        3.385325E-018
8        6.319741E-021
9        1.169379E-023
10        2.188976E-026
11        4.113820E-029
12        7.687937E-032
13        1.439807E-034
14        2.696216E-037
15        4.985098E-040
16        9.251310E-043
17        1.702486E-045
18        3.156565E-048
19        5.780847E-051
20        1.062336E-053
21        1.981433E-056
22        3.691068E-059
23        6.965057E-062
24        1.308617E-064
25        2.439046E-067
26        4.613818E-070
27        8.616471E-073
28        1.608799E-075
29        2.957204E-078
30        5.473590E-081
31        9.982719E-084
32        1.814009E-086
33        3.319291E-089
34        6.119815E-092
35        1.136789E-094
36        2.097603E-097
37        3.893844E-100
38        7.060978E-103
39        1.278935E-105
40        2.340903E-108
41        4.360492E-111
42        7.871013E-114
43        1.447787E-116
44        2.655290E-119
45        4.911982E-122
46        9.168156E-125
47        1.687943E-127
48        3.104759E-130
49        5.698976E-133
50        1.052633E-135
51        1.941482E-138
52        3.666147E-141
53        6.742946E-144
54        1.234302E-146
55        2.257474E-149
56        4.147087E-152
